请输入一个整数
- 3 0 0 1 2 
请输入一个整数
7 3 9 8 
请输入一个整数
1 5 9 0 9 
请输入一个整数
1 8 0 5 1 
请输入一个整数
- 2 7 0 2 
请输入一个整数
2 9 7 4 7 
请输入一个整数
- 2 1 7 0 5 
请输入一个整数
- 1 1 7 
请输入一个整数
1 7 8 8 8 
请输入一个整数
- 1 1 3 3 7 
请输入一个整数
- 2 9 5 6 3 
请输入一个整数
2 7 7 0 3 
请输入一个整数
1 3 5 7 2 
请输入一个整数
- 1 6 8 2 
请输入一个整数
2 1 5 1 4 
请输入一个整数
2 6 3 6 6 
请输入一个整数
- 7 1 3 9 
请输入一个整数
1 9 2 4 8 
请输入一个整数
3 2 2 2 
请输入一个整数
1 1 5 0 9 
请输入一个整数
- 1 3 5 6 0 
请输入一个整数
3 4 4 6 
请输入一个整数
3 0 7 4 0 
请输入一个整数
- 1 4 6 6 
请输入一个整数
1 6 8 4 8 
请输入一个整数
- 1 6 4 9 2 
请输入一个整数
2 8 3 6 6 
请输入一个整数
1 6 6 0 7 
请输入一个整数
2 7 5 3 7 
请输入一个整数
6 9 9 1 
请输入一个整数
- 2 0 1 9 3 
请输入一个整数
6 1 8 
请输入一个整数
- 2 9 5 5 2 
请输入一个整数
- 1 9 9 8 2 
请输入一个整数
- 2 1 6 9 3 
请输入一个整数
- 2 4 4 0 5 
请输入一个整数
- 1 3 1 1 3 
请输入一个整数
1 4 8 7 
请输入一个整数
1 7 3 2 1 
请输入一个整数
- 1 8 9 5 8 
请输入一个整数
2 8 1 0 7 
请输入一个整数
1 6 7 4 4 
请输入一个整数
- 2 4 1 2 4 
请输入一个整数
- 2 0 2 1 6 
请输入一个整数
- 2 8 5 6 9 
请输入一个整数
3 0 1 8 2 
请输入一个整数
1 2 0 0 4 
请输入一个整数
- 8 4 2 4 
请输入一个整数
- 3 2 5 5 4 
请输入一个整数
7 7 7 
请输入一个整数
- 8 2 9 1 
请输入一个整数
- 3 0 1 2 2 
请输入一个整数
7 5 7 8 
请输入一个整数
- 3 0 6 6 2 
请输入一个整数
- 2 6 1 9 0 
请输入一个整数
1 2 9 2 2 
请输入一个整数
5 9 1 1 
请输入一个整数
9 9 2 4 
请输入一个整数
1 3 7 0 9 
请输入一个整数
- 2 6 7 6 3 
请输入一个整数
2 5 4 4 5 
请输入一个整数
- 2 7 8 3 
请输入一个整数
- 1 9 6 7 7 
请输入一个整数
8 5 7 9 
请输入一个整数
- 2 2 1 0 7 
请输入一个整数
3 1 6 5 6 
请输入一个整数
- 1 9 7 9 2 
请输入一个整数
3 1 7 4 0 
请输入一个整数
8 2 9 1 
请输入一个整数
- 1 2 7 7 1 
请输入一个整数
- 2 5 2 9 2 
请输入一个整数
6 1 4 8 
请输入一个整数
7 9 3 3 
请输入一个整数
7 1 7 6 
请输入一个整数
1 5 4 9 6 
请输入一个整数
2 1 4 0 6 
请输入一个整数
- 3 2 0 6 1 
请输入一个整数
7 0 7 
请输入一个整数
2 1 9 0 6 
请输入一个整数
2 2 3 3 6 
请输入一个整数
- 9 2 8 9 
请输入一个整数
3 2 1 1 6 
请输入一个整数
- 3 4 0 4 
请输入一个整数
- 2 9 2 6 7 
请输入一个整数
3 1 7 0 8 
请输入一个整数
- 1 3 9 9 9 
请输入一个整数
4 0 7 4 
请输入一个整数
1 8 3 5 9 
请输入一个整数
3 1 4 2 9 
请输入一个整数
- 1 8 9 
请输入一个整数
- 3 8 3 0 
请输入一个整数
- 1 9 0 0 4 
请输入一个整数
1 8 9 6 
请输入一个整数
- 1 4 8 7 3 
请输入一个整数
- 1 8 8 9 3 
请输入一个整数
2 3 4 5 
请输入一个整数
- 1 0 3 0 0 
请输入一个整数
- 5 0 0 
请输入一个整数
2 6 1 4 3 
请输入一个整数
1 9 6 4 0 
请输入一个整数
1 1 0 0 
