请输入一个整数
- 1 0 1 0 4 1 
请输入一个整数
1 0 6 3 3 4 
请输入一个整数
- 1 1 9 1 6 9 
请输入一个整数
1 1 1 4 7 8 
请输入一个整数
1 2 6 9 6 2 
请输入一个整数
- 1 0 6 7 0 5 
请输入一个整数
- 1 2 4 2 8 1 
请输入一个整数
- 1 1 0 9 6 1 
请输入一个整数
- 1 0 2 9 9 5 
请输入一个整数
- 1 0 4 8 2 7 
请输入一个整数
- 1 3 2 3 9 1 
请输入一个整数
1 0 2 9 0 2 
请输入一个整数
1 0 0 2 9 2 
请输入一个整数
- 1 1 7 4 2 1 
请输入一个整数
1 1 8 7 1 8 
请输入一个整数
- 1 0 5 4 4 7 
请输入一个整数
- 1 1 4 7 7 1 
请输入一个整数
- 1 0 1 8 6 9 
请输入一个整数
- 1 2 6 6 6 7 
请输入一个整数
- 1 1 7 0 3 5 
请输入一个整数
- 1 2 9 7 0 3 
请输入一个整数
1 3 0 3 2 2 
请输入一个整数
- 1 1 7 6 7 3 
请输入一个整数
- 1 1 6 1 4 1 
请输入一个整数
- 1 2 8 2 5 3 
请输入一个整数
- 1 2 5 5 4 7 
请输入一个整数
1 3 1 6 6 2 
请输入一个整数
- 1 2 1 0 3 7 
请输入一个整数
- 1 0 9 7 2 3 
请输入一个整数
- 1 2 7 5 2 9 
请输入一个整数
1 1 1 3 1 6 
请输入一个整数
1 2 2 1 9 0 
请输入一个整数
1 0 0 2 8 8 
请输入一个整数
1 0 9 0 4 0 
请输入一个整数
1 1 9 2 6 4 
请输入一个整数
1 2 6 4 4 6 
请输入一个整数
1 1 4 8 9 0 
请输入一个整数
1 2 4 3 7 0 
请输入一个整数
1 1 4 0 0 6 
请输入一个整数
- 1 2 4 3 9 3 
请输入一个整数
- 1 2 0 6 2 9 
请输入一个整数
1 2 4 0 8 4 
请输入一个整数
1 1 8 7 5 6 
请输入一个整数
1 0 4 9 6 6 
请输入一个整数
- 1 1 3 9 3 1 
请输入一个整数
1 1 5 9 4 4 
请输入一个整数
1 2 3 6 2 6 
请输入一个整数
- 1 0 5 5 3 7 
请输入一个整数
1 1 6 1 1 8 
请输入一个整数
- 1 2 3 9 2 9 
请输入一个整数
- 1 0 5 8 3 3 
请输入一个整数
- 1 0 4 6 3 9 
请输入一个整数
1 2 2 7 0 4 
请输入一个整数
- 1 1 3 9 7 7 
请输入一个整数
- 1 3 1 6 7 3 
请输入一个整数
- 1 0 6 0 2 1 
请输入一个整数
1 2 6 9 2 4 
请输入一个整数
1 0 5 2 7 0 
请输入一个整数
- 1 2 7 7 7 7 
请输入一个整数
- 1 0 5 0 9 7 
请输入一个整数
1 2 3 9 8 6 
请输入一个整数
- 1 0 9 1 6 1 
请输入一个整数
- 1 2 3 3 5 5 
请输入一个整数
- 1 2 3 6 5 5 
请输入一个整数
- 1 0 4 0 3 1 
请输入一个整数
1 2 7 3 5 0 
请输入一个整数
- 1 1 6 9 4 1 
请输入一个整数
1 1 3 9 6 6 
请输入一个整数
- 1 3 2 1 0 7 
请输入一个整数
- 1 1 9 0 0 7 
请输入一个整数
- 1 1 6 4 5 7 
请输入一个整数
- 1 2 8 7 5 3 
请输入一个整数
- 1 1 5 9 4 5 
请输入一个整数
- 1 3 2 2 0 9 
请输入一个整数
- 1 2 4 2 2 1 
请输入一个整数
1 0 6 4 2 2 
请输入一个整数
1 2 7 5 0 6 
请输入一个整数
- 1 1 6 4 1 3 
请输入一个整数
9 9 9 0 0 
请输入一个整数
1 1 7 7 6 2 
请输入一个整数
1 1 6 4 1 0 
请输入一个整数
1 2 6 6 2 4 
请输入一个整数
1 2 0 5 4 8 
请输入一个整数
- 1 2 8 5 9 5 
请输入一个整数
1 0 3 6 0 2 
请输入一个整数
- 1 1 0 2 9 1 
请输入一个整数
1 0 9 3 7 4 
请输入一个整数
1 0 3 5 9 6 
请输入一个整数
1 2 6 3 4 8 
请输入一个整数
1 1 9 6 6 8 
请输入一个整数
- 1 0 8 2 8 1 
请输入一个整数
- 1 0 1 0 5 3 
请输入一个整数
1 2 6 4 1 8 
请输入一个整数
1 0 6 9 0 0 
请输入一个整数
- 1 1 9 1 2 7 
请输入一个整数
1 0 2 7 2 8 
请输入一个整数
1 2 3 6 4 8 
请输入一个整数
- 1 1 8 8 0 7 
请输入一个整数
1 1 3 3 1 0 
请输入一个整数
- 1 2 2 8 1 3 
请输入一个整数
- 1 1 4 3 0 9 
