请输入一个整数
1 4 0 1 0 1 - 
请输入一个整数
4 3 3 6 0 1 
请输入一个整数
9 6 1 9 1 1 - 
请输入一个整数
8 7 4 1 1 1 
请输入一个整数
2 6 9 6 2 1 
请输入一个整数
5 0 7 6 0 1 - 
请输入一个整数
1 8 2 4 2 1 - 
请输入一个整数
1 6 9 0 1 1 - 
请输入一个整数
5 9 9 2 0 1 - 
请输入一个整数
7 2 8 4 0 1 - 
请输入一个整数
1 9 3 2 3 1 - 
请输入一个整数
2 0 9 2 0 1 
请输入一个整数
2 9 2 0 0 1 
请输入一个整数
1 2 4 7 1 1 - 
请输入一个整数
8 1 7 8 1 1 
请输入一个整数
7 4 4 5 0 1 - 
请输入一个整数
1 7 7 4 1 1 - 
请输入一个整数
9 6 8 1 0 1 - 
请输入一个整数
7 6 6 6 2 1 - 
请输入一个整数
5 3 0 7 1 1 - 
请输入一个整数
3 0 7 9 2 1 - 
请输入一个整数
2 2 3 0 3 1 
请输入一个整数
3 7 6 7 1 1 - 
请输入一个整数
1 4 1 6 1 1 - 
请输入一个整数
3 5 2 8 2 1 - 
请输入一个整数
7 4 5 5 2 1 - 
请输入一个整数
2 6 6 1 3 1 
请输入一个整数
7 3 0 1 2 1 - 
请输入一个整数
3 2 7 9 0 1 - 
请输入一个整数
9 2 5 7 2 1 - 
请输入一个整数
6 1 3 1 1 1 
请输入一个整数
0 9 1 2 2 1 
请输入一个整数
8 8 2 0 0 1 
请输入一个整数
0 4 0 9 0 1 
请输入一个整数
4 6 2 9 1 1 
请输入一个整数
6 4 4 6 2 1 
请输入一个整数
0 9 8 4 1 1 
请输入一个整数
0 7 3 4 2 1 
请输入一个整数
6 0 0 4 1 1 
请输入一个整数
3 9 3 4 2 1 - 
请输入一个整数
9 2 6 0 2 1 - 
请输入一个整数
4 8 0 4 2 1 
请输入一个整数
6 5 7 8 1 1 
请输入一个整数
6 6 9 4 0 1 
请输入一个整数
1 3 9 3 1 1 - 
请输入一个整数
4 4 9 5 1 1 
请输入一个整数
6 2 6 3 2 1 
请输入一个整数
7 3 5 5 0 1 - 
请输入一个整数
8 1 1 6 1 1 
请输入一个整数
9 2 9 3 2 1 - 
请输入一个整数
3 3 8 5 0 1 - 
请输入一个整数
9 3 6 4 0 1 - 
请输入一个整数
4 0 7 2 2 1 
请输入一个整数
7 7 9 3 1 1 - 
请输入一个整数
3 7 6 1 3 1 - 
请输入一个整数
1 2 0 6 0 1 - 
请输入一个整数
4 2 9 6 2 1 
请输入一个整数
0 7 2 5 0 1 
请输入一个整数
7 7 7 7 2 1 - 
请输入一个整数
7 9 0 5 0 1 - 
请输入一个整数
6 8 9 3 2 1 
请输入一个整数
1 6 1 9 0 1 - 
请输入一个整数
5 5 3 3 2 1 - 
请输入一个整数
5 5 6 3 2 1 - 
请输入一个整数
1 3 0 4 0 1 - 
请输入一个整数
0 5 3 7 2 1 
请输入一个整数
1 4 9 6 1 1 - 
请输入一个整数
6 6 9 3 1 1 
请输入一个整数
7 0 1 2 3 1 - 
请输入一个整数
7 0 0 9 1 1 - 
请输入一个整数
7 5 4 6 1 1 - 
请输入一个整数
3 5 7 8 2 1 - 
请输入一个整数
5 4 9 5 1 1 - 
请输入一个整数
9 0 2 2 3 1 - 
请输入一个整数
1 2 2 4 2 1 - 
请输入一个整数
2 2 4 6 0 1 
请输入一个整数
6 0 5 7 2 1 
请输入一个整数
3 1 4 6 1 1 - 
请输入一个整数
0 0 9 9 9 
请输入一个整数
2 6 7 7 1 1 
请输入一个整数
0 1 4 6 1 1 
请输入一个整数
4 2 6 6 2 1 
请输入一个整数
8 4 5 0 2 1 
请输入一个整数
5 9 5 8 2 1 - 
请输入一个整数
2 0 6 3 0 1 
请输入一个整数
1 9 2 0 1 1 - 
请输入一个整数
4 7 3 9 0 1 
请输入一个整数
6 9 5 3 0 1 
请输入一个整数
8 4 3 6 2 1 
请输入一个整数
8 6 6 9 1 1 
请输入一个整数
1 8 2 8 0 1 - 
请输入一个整数
3 5 0 1 0 1 - 
请输入一个整数
8 1 4 6 2 1 
请输入一个整数
0 0 9 6 0 1 
请输入一个整数
7 2 1 9 1 1 - 
请输入一个整数
8 2 7 2 0 1 
请输入一个整数
8 4 6 3 2 1 
请输入一个整数
7 0 8 8 1 1 - 
请输入一个整数
0 1 3 3 1 1 
请输入一个整数
3 1 8 2 2 1 - 
请输入一个整数
9 0 3 4 1 1 - 
