请输入任意个正整数（升序，最多20个），以-1结束
原数组为：
41 41 110 134 212 270 332 396 401 446 527 
请输入要插入的正整数
插入后的数组为：
41 41 110 134 212 270 332 396 401 446 527 827 
请输入任意个正整数（升序，最多20个），以-1结束
原数组为：
96 
请输入要插入的正整数
插入后的数组为：
96 942 
请输入任意个正整数（升序，最多20个），以-1结束
原数组为：
97 101 103 156 248 330 351 367 385 480 527 553 624 662 731 743 810 909 944 1038 
请输入要插入的正整数
插入后的数组为：
97 101 103 156 248 330 351 367 385 480 527 553 624 662 711 731 743 810 909 944 1038 
请输入任意个正整数（升序，最多20个），以-1结束
原数组为：
55 99 161 218 255 314 337 378 407 485 501 536 626 668 756 762 802 844 908 956 
请输入要插入的正整数
插入后的数组为：
55 99 161 218 255 314 337 378 407 485 501 536 626 668 729 756 762 802 844 908 956 
请输入任意个正整数（升序，最多20个），以-1结束
原数组为：
6 7 100 148 177 200 284 338 394 434 
请输入要插入的正整数
插入后的数组为：
6 7 100 148 177 200 284 338 394 434 966 
请输入任意个正整数（升序，最多20个），以-1结束
原数组为：
9 53 92 118 141 178 216 234 316 345 386 419 434 473 531 535 565 642 648 721 
请输入要插入的正整数
插入后的数组为：
9 53 92 118 141 178 216 234 316 345 386 419 434 473 531 535 565 642 648 721 829 
请输入任意个正整数（升序，最多20个），以-1结束
原数组为：
100 112 198 288 349 385 440 507 562 636 667 719 769 819 860 884 950 
请输入要插入的正整数
插入后的数组为：
100 112 198 288 349 385 430 440 507 562 636 667 719 769 819 860 884 950 
请输入任意个正整数（升序，最多20个），以-1结束
原数组为：
8 45 102 189 242 325 370 379 388 446 467 555 577 623 629 659 672 740 740 831 
请输入要插入的正整数
插入后的数组为：
8 45 102 189 242 325 370 379 388 446 467 483 555 577 623 629 659 672 740 740 831 
请输入任意个正整数（升序，最多20个），以-1结束
原数组为：
3 53 144 180 254 274 370 391 439 538 606 690 771 805 858 957 975 1013 1013 1101 
请输入要插入的正整数
插入后的数组为：
3 53 144 180 254 274 370 391 439 483 538 606 690 771 805 858 957 975 1013 1013 1101 
请输入任意个正整数（升序，最多20个），以-1结束
原数组为：
11 28 41 55 64 80 115 166 166 215 234 290 388 391 415 423 467 
请输入要插入的正整数
插入后的数组为：
11 28 41 55 64 80 115 166 166 215 234 290 388 391 415 423 467 609 
请输入任意个正整数（升序，最多20个），以-1结束
原数组为：
97 182 275 318 341 428 442 445 493 493 551 569 649 745 843 924 1013 1111 1120 
请输入要插入的正整数
插入后的数组为：
97 157 182 275 318 341 428 442 445 493 493 551 569 649 745 843 924 1013 1111 1120 
请输入任意个正整数（升序，最多20个），以-1结束
原数组为：
40 132 170 249 339 396 454 545 560 648 704 715 
请输入要插入的正整数
插入后的数组为：
40 132 170 202 249 339 396 454 545 560 648 704 715 
请输入任意个正整数（升序，最多20个），以-1结束
原数组为：
57 85 131 193 279 354 387 456 498 542 558 639 737 759 810 831 930 987 1063 1155 
请输入要插入的正整数
插入后的数组为：
57 85 131 193 279 354 387 456 498 510 542 558 639 737 759 810 831 930 987 1063 1155 
请输入任意个正整数（升序，最多20个），以-1结束
原数组为：
70 158 159 
请输入要插入的正整数
插入后的数组为：
70 158 159 789 
请输入任意个正整数（升序，最多20个），以-1结束
原数组为：
5 90 172 257 345 371 388 445 477 509 578 632 653 742 818 
请输入要插入的正整数
插入后的数组为：
5 90 172 257 329 345 371 388 445 477 509 578 632 653 742 818 
请输入任意个正整数（升序，最多20个），以-1结束
原数组为：
27 82 116 165 206 218 263 323 341 394 433 456 535 631 718 747 796 833 899 948 
请输入要插入的正整数
插入后的数组为：
27 82 116 165 206 218 263 323 341 394 433 455 456 535 631 718 747 796 833 899 948 
请输入任意个正整数（升序，最多20个），以-1结束
原数组为：
5 21 92 178 241 254 309 394 447 459 467 499 544 557 613 634 692 738 820 901 
请输入要插入的正整数
插入后的数组为：
5 21 92 161 178 241 254 309 394 447 459 467 499 544 557 613 634 692 738 820 901 
请输入任意个正整数（升序，最多20个），以-1结束
原数组为：
73 139 183 242 334 373 426 450 504 514 559 608 694 707 781 
请输入要插入的正整数
插入后的数组为：
22 73 139 183 242 334 373 426 450 504 514 559 608 694 707 781 
请输入任意个正整数（升序，最多20个），以-1结束
原数组为：
95 100 158 249 251 276 353 367 
请输入要插入的正整数
插入后的数组为：
95 100 158 249 251 276 314 353 367 
请输入任意个正整数（升序，最多20个），以-1结束
原数组为：
78 150 209 242 312 399 496 514 591 664 734 797 865 957 1042 1044 1124 1137 1164 1166 
请输入要插入的正整数
插入后的数组为：
78 150 209 242 312 399 496 514 591 664 734 797 865 924 957 1042 1044 1124 1137 1164 1166 
请输入任意个正整数（升序，最多20个），以-1结束
原数组为：
63 144 147 179 184 277 302 333 425 467 489 575 639 
请输入要插入的正整数
插入后的数组为：
63 144 147 179 184 277 302 333 425 467 489 575 639 900 
请输入任意个正整数（升序，最多20个），以-1结束
原数组为：
13 87 157 227 262 295 306 366 462 529 614 664 704 798 893 917 936 
请输入要插入的正整数
插入后的数组为：
13 87 125 157 227 262 295 306 366 462 529 614 664 704 798 893 917 936 
请输入任意个正整数（升序，最多20个），以-1结束
原数组为：
62 64 135 201 279 372 423 507 525 589 608 660 660 747 807 833 843 900 970 985 
请输入要插入的正整数
插入后的数组为：
62 64 135 201 279 372 423 507 525 589 608 660 660 747 807 833 843 882 900 970 985 
请输入任意个正整数（升序，最多20个），以-1结束
原数组为：
92 169 243 268 295 324 352 375 395 397 459 482 578 615 676 771 
请输入要插入的正整数
插入后的数组为：
92 169 243 268 295 324 352 375 395 397 459 482 525 578 615 676 771 
请输入任意个正整数（升序，最多20个），以-1结束
原数组为：
2 18 48 74 
请输入要插入的正整数
插入后的数组为：
2 11 18 48 74 
请输入任意个正整数（升序，最多20个），以-1结束
原数组为：
48 101 121 211 235 323 386 426 477 539 568 568 581 639 717 782 789 866 866 924 
请输入要插入的正整数
插入后的数组为：
48 101 121 211 235 303 323 386 426 477 539 568 568 581 639 717 782 789 866 866 924 
请输入任意个正整数（升序，最多20个），以-1结束
原数组为：
31 108 116 129 216 217 267 327 355 448 
请输入要插入的正整数
插入后的数组为：
31 108 116 129 216 217 267 327 355 384 448 
请输入任意个正整数（升序，最多20个），以-1结束
原数组为：
11 15 50 106 178 228 251 336 392 408 434 491 517 574 611 682 751 812 908 930 
请输入要插入的正整数
插入后的数组为：
11 15 41 50 106 178 228 251 336 392 408 434 491 517 574 611 682 751 812 908 930 
请输入任意个正整数（升序，最多20个），以-1结束
原数组为：
38 103 162 
请输入要插入的正整数
插入后的数组为：
38 103 162 932 
请输入任意个正整数（升序，最多20个），以-1结束
原数组为：
58 120 204 238 292 364 
请输入要插入的正整数
插入后的数组为：
58 120 204 238 292 364 457 
请输入任意个正整数（升序，最多20个），以-1结束
原数组为：
65 72 155 166 201 268 316 391 429 452 494 548 559 600 675 734 759 780 850 876 
请输入要插入的正整数
插入后的数组为：
65 72 155 166 201 268 316 391 429 452 494 548 559 600 637 675 734 759 780 850 876 
请输入任意个正整数（升序，最多20个），以-1结束
原数组为：
99 175 180 242 290 371 371 384 425 480 535 577 639 650 
请输入要插入的正整数
插入后的数组为：
99 175 180 242 290 371 371 384 425 480 535 577 639 650 877 
请输入任意个正整数（升序，最多20个），以-1结束
原数组为：
60 103 199 272 312 325 400 472 490 500 517 549 561 656 725 756 796 884 969 1059 
请输入要插入的正整数
插入后的数组为：
60 103 199 272 312 325 353 400 472 490 500 517 549 561 656 725 756 796 884 969 1059 
请输入任意个正整数（升序，最多20个），以-1结束
原数组为：
41 85 143 178 237 329 334 398 479 482 511 586 594 686 783 832 888 949 976 1043 
请输入要插入的正整数
插入后的数组为：
41 85 143 174 178 237 329 334 398 479 482 511 586 594 686 783 832 888 949 976 1043 
请输入任意个正整数（升序，最多20个），以-1结束
原数组为：
22 105 118 210 234 235 327 386 456 484 511 595 670 756 854 924 1011 1058 1062 1065 
请输入要插入的正整数
插入后的数组为：
22 105 118 210 234 235 327 386 456 484 511 595 663 670 756 854 924 1011 1058 1062 1065 
请输入任意个正整数（升序，最多20个），以-1结束
原数组为：
13 84 173 213 277 319 
请输入要插入的正整数
插入后的数组为：
13 84 173 213 277 319 619 
请输入任意个正整数（升序，最多20个），以-1结束
原数组为：
5 23 55 
请输入要插入的正整数
插入后的数组为：
5 23 55 750 
请输入任意个正整数（升序，最多20个），以-1结束
原数组为：
44 47 69 167 214 
请输入要插入的正整数
插入后的数组为：
44 47 69 167 214 584 
请输入任意个正整数（升序，最多20个），以-1结束
原数组为：
65 78 153 198 210 256 334 403 465 484 569 658 702 767 807 852 860 878 948 949 
请输入要插入的正整数
插入后的数组为：
65 78 103 153 198 210 256 334 403 465 484 569 658 702 767 807 852 860 878 948 949 
请输入任意个正整数（升序，最多20个），以-1结束
原数组为：
7 76 91 156 184 227 274 362 405 442 451 514 563 644 732 774 782 842 863 921 
请输入要插入的正整数
插入后的数组为：
7 76 91 156 184 227 274 362 405 442 451 514 563 644 690 732 774 782 842 863 921 
请输入任意个正整数（升序，最多20个），以-1结束
原数组为：
33 53 101 168 204 287 322 348 433 471 524 553 577 625 648 707 764 830 874 929 
请输入要插入的正整数
插入后的数组为：
33 53 101 168 204 287 322 348 433 471 515 524 553 577 625 648 707 764 830 874 929 
请输入任意个正整数（升序，最多20个），以-1结束
原数组为：
77 90 132 228 276 348 374 380 453 482 486 491 517 529 604 697 762 798 834 875 
请输入要插入的正整数
插入后的数组为：
77 90 132 228 276 348 374 380 453 482 486 491 517 529 604 697 762 798 834 875 936 
请输入任意个正整数（升序，最多20个），以-1结束
原数组为：
57 72 103 133 174 199 210 247 333 423 473 535 569 662 715 731 783 791 853 886 
请输入要插入的正整数
插入后的数组为：
57 72 103 133 174 199 210 213 247 333 423 473 535 569 662 715 731 783 791 853 886 
请输入任意个正整数（升序，最多20个），以-1结束
原数组为：
8 88 106 164 214 269 330 394 397 473 516 525 527 588 677 725 807 860 934 
请输入要插入的正整数
插入后的数组为：
8 88 106 164 214 220 269 330 394 397 473 516 525 527 588 677 725 807 860 934 
请输入任意个正整数（升序，最多20个），以-1结束
原数组为：
34 103 
请输入要插入的正整数
插入后的数组为：
34 103 878 
请输入任意个正整数（升序，最多20个），以-1结束
原数组为：
27 98 101 146 227 231 323 408 421 
请输入要插入的正整数
插入后的数组为：
27 98 101 146 227 231 323 408 421 698 
请输入任意个正整数（升序，最多20个），以-1结束
原数组为：
40 77 87 148 182 190 251 310 403 
请输入要插入的正整数
插入后的数组为：
40 77 87 148 182 190 251 310 403 515 
请输入任意个正整数（升序，最多20个），以-1结束
原数组为：
76 134 134 205 269 286 301 356 371 
请输入要插入的正整数
插入后的数组为：
76 134 134 205 269 286 301 330 356 371 
请输入任意个正整数（升序，最多20个），以-1结束
原数组为：
90 172 226 311 321 405 479 559 574 
请输入要插入的正整数
插入后的数组为：
90 172 226 311 321 405 479 559 574 951 
请输入任意个正整数（升序，最多20个），以-1结束
原数组为：
84 
请输入要插入的正整数
插入后的数组为：
84 110 
请输入任意个正整数（升序，最多20个），以-1结束
原数组为：
91 168 200 256 345 358 366 407 
请输入要插入的正整数
插入后的数组为：
91 168 200 256 345 358 366 407 790 
请输入任意个正整数（升序，最多20个），以-1结束
原数组为：
31 115 193 193 264 349 423 494 527 594 647 742 810 
请输入要插入的正整数
插入后的数组为：
31 115 193 193 264 349 423 494 527 594 647 742 810 825 
请输入任意个正整数（升序，最多20个），以-1结束
原数组为：
59 157 166 259 345 425 441 490 557 585 664 728 749 754 780 796 
请输入要插入的正整数
插入后的数组为：
59 157 166 259 345 425 441 490 516 557 585 664 728 749 754 780 796 
请输入任意个正整数（升序，最多20个），以-1结束
原数组为：
93 174 238 278 364 385 
请输入要插入的正整数
插入后的数组为：
93 174 238 278 364 385 662 
请输入任意个正整数（升序，最多20个），以-1结束
原数组为：
13 28 30 103 127 168 213 275 298 329 335 403 421 423 430 437 518 530 566 596 
请输入要插入的正整数
插入后的数组为：
13 28 30 103 127 168 213 275 298 329 335 403 421 423 430 437 518 530 566 596 809 
请输入任意个正整数（升序，最多20个），以-1结束
原数组为：
96 189 285 337 
请输入要插入的正整数
插入后的数组为：
54 96 189 285 337 
请输入任意个正整数（升序，最多20个），以-1结束
原数组为：
56 147 159 190 204 243 301 323 327 422 474 543 622 660 683 701 767 826 924 1010 
请输入要插入的正整数
插入后的数组为：
56 146 147 159 190 204 243 301 323 327 422 474 543 622 660 683 701 767 826 924 1010 
请输入任意个正整数（升序，最多20个），以-1结束
原数组为：
32 79 
请输入要插入的正整数
插入后的数组为：
32 79 458 
请输入任意个正整数（升序，最多20个），以-1结束
原数组为：
105 135 
请输入要插入的正整数
插入后的数组为：
105 135 292 
请输入任意个正整数（升序，最多20个），以-1结束
原数组为：
107 159 207 289 329 344 419 481 548 584 681 699 796 824 875 891 921 970 995 1053 
请输入要插入的正整数
插入后的数组为：
107 159 207 229 289 329 344 419 481 548 584 681 699 796 824 875 891 921 970 995 1053 
请输入任意个正整数（升序，最多20个），以-1结束
原数组为：
60 107 169 224 299 391 452 506 604 650 
请输入要插入的正整数
插入后的数组为：
60 107 169 224 299 391 452 506 604 650 714 
请输入任意个正整数（升序，最多20个），以-1结束
原数组为：
77 115 178 253 268 289 
请输入要插入的正整数
插入后的数组为：
77 115 178 253 268 289 475 
请输入任意个正整数（升序，最多20个），以-1结束
原数组为：
42 112 117 181 238 300 361 385 434 503 533 556 606 639 664 
请输入要插入的正整数
插入后的数组为：
42 112 117 181 238 300 361 385 434 503 533 556 606 639 664 910 
请输入任意个正整数（升序，最多20个），以-1结束
原数组为：
43 121 214 250 264 328 419 468 503 508 545 549 586 609 673 743 751 819 900 985 
请输入要插入的正整数
插入后的数组为：
43 121 214 250 264 328 419 468 503 508 545 549 572 586 609 673 743 751 819 900 985 
请输入任意个正整数（升序，最多20个），以-1结束
原数组为：
74 93 136 147 188 277 296 361 366 
请输入要插入的正整数
插入后的数组为：
74 93 136 147 188 277 296 361 366 585 
请输入任意个正整数（升序，最多20个），以-1结束
原数组为：
15 24 88 154 247 321 330 330 425 498 587 648 720 788 846 877 
请输入要插入的正整数
插入后的数组为：
15 24 88 154 247 268 321 330 330 425 498 587 648 720 788 846 877 
请输入任意个正整数（升序，最多20个），以-1结束
原数组为：
22 96 175 185 237 319 410 505 569 643 707 709 764 824 898 970 
请输入要插入的正整数
插入后的数组为：
22 96 175 185 237 319 410 505 569 643 707 709 764 821 824 898 970 
请输入任意个正整数（升序，最多20个），以-1结束
原数组为：
84 173 178 273 367 417 460 514 595 607 679 718 746 758 820 887 895 910 918 941 
请输入要插入的正整数
插入后的数组为：
84 173 178 204 273 367 417 460 514 595 607 679 718 746 758 820 887 895 910 918 941 
请输入任意个正整数（升序，最多20个），以-1结束
原数组为：
67 112 118 184 184 251 343 430 462 518 592 639 660 743 765 796 872 955 1003 1026 
请输入要插入的正整数
插入后的数组为：
67 112 118 184 184 251 343 430 462 518 592 639 660 743 765 796 856 872 955 1003 1026 
请输入任意个正整数（升序，最多20个），以-1结束
原数组为：
29 115 192 261 304 338 415 483 551 642 738 821 849 876 902 973 1070 1082 1085 1112 
请输入要插入的正整数
插入后的数组为：
29 115 192 261 304 338 408 415 483 551 642 738 821 849 876 902 973 1070 1082 1085 1112 
请输入任意个正整数（升序，最多20个），以-1结束
原数组为：
93 131 168 211 224 225 275 303 314 364 413 505 559 628 709 774 841 854 947 981 
请输入要插入的正整数
插入后的数组为：
93 131 168 177 211 224 225 275 303 314 364 413 505 559 628 709 774 841 854 947 981 
请输入任意个正整数（升序，最多20个），以-1结束
原数组为：
2 66 147 237 260 297 320 399 494 563 590 632 642 724 782 808 895 
请输入要插入的正整数
插入后的数组为：
2 66 147 237 260 297 320 399 494 563 590 632 642 670 724 782 808 895 
请输入任意个正整数（升序，最多20个），以-1结束
原数组为：
59 72 132 215 301 343 353 425 
请输入要插入的正整数
插入后的数组为：
59 72 128 132 215 301 343 353 425 
请输入任意个正整数（升序，最多20个），以-1结束
原数组为：
19 22 89 154 192 273 330 380 394 492 550 611 674 730 
请输入要插入的正整数
插入后的数组为：
19 22 89 154 192 273 330 380 394 492 550 611 674 730 807 
请输入任意个正整数（升序，最多20个），以-1结束
原数组为：
44 109 184 270 356 389 449 479 527 555 647 680 720 786 821 831 930 967 1059 1141 
请输入要插入的正整数
插入后的数组为：
44 109 184 270 356 389 432 449 479 527 555 647 680 720 786 821 831 930 967 1059 1141 
请输入任意个正整数（升序，最多20个），以-1结束
原数组为：
72 169 212 261 276 317 406 406 418 466 489 540 614 647 738 738 792 882 979 998 
请输入要插入的正整数
插入后的数组为：
72 169 212 261 276 317 406 406 418 466 487 489 540 614 647 738 738 792 882 979 998 
请输入任意个正整数（升序，最多20个），以-1结束
原数组为：
88 126 218 311 363 374 434 468 508 605 690 719 759 764 855 947 957 1006 1084 1163 
请输入要插入的正整数
插入后的数组为：
88 126 218 311 363 374 434 468 508 582 605 690 719 759 764 855 947 957 1006 1084 1163 
请输入任意个正整数（升序，最多20个），以-1结束
原数组为：
27 116 175 224 248 320 400 408 475 483 560 563 633 640 736 810 832 843 
请输入要插入的正整数
插入后的数组为：
19 27 116 175 224 248 320 400 408 475 483 560 563 633 640 736 810 832 843 
请输入任意个正整数（升序，最多20个），以-1结束
原数组为：
96 159 242 258 290 342 383 437 450 512 608 668 683 687 786 822 902 1000 1032 1119 
请输入要插入的正整数
插入后的数组为：
96 159 240 242 258 290 342 383 437 450 512 608 668 683 687 786 822 902 1000 1032 1119 
请输入任意个正整数（升序，最多20个），以-1结束
原数组为：
76 117 199 248 271 329 334 
请输入要插入的正整数
插入后的数组为：
76 117 199 248 271 329 334 621 
请输入任意个正整数（升序，最多20个），以-1结束
原数组为：
22 100 178 257 315 392 442 449 478 559 654 732 808 861 960 1044 1109 1202 1210 1282 
请输入要插入的正整数
插入后的数组为：
22 100 178 191 257 315 392 442 449 478 559 654 732 808 861 960 1044 1109 1202 1210 1282 
请输入任意个正整数（升序，最多20个），以-1结束
原数组为：
50 101 187 
请输入要插入的正整数
插入后的数组为：
50 101 144 187 
请输入任意个正整数（升序，最多20个），以-1结束
原数组为：
24 53 69 143 234 303 
请输入要插入的正整数
插入后的数组为：
24 53 69 143 234 303 912 
请输入任意个正整数（升序，最多20个），以-1结束
原数组为：
94 109 158 215 255 307 343 394 481 507 569 624 707 801 881 978 
请输入要插入的正整数
插入后的数组为：
65 94 109 158 215 255 307 343 394 481 507 569 624 707 801 881 978 
请输入任意个正整数（升序，最多20个），以-1结束
原数组为：
64 142 220 298 338 
请输入要插入的正整数
插入后的数组为：
64 142 220 298 338 611 
请输入任意个正整数（升序，最多20个），以-1结束
原数组为：
75 150 239 289 338 371 436 450 532 539 571 667 734 756 838 848 889 920 1007 1012 
请输入要插入的正整数
插入后的数组为：
75 150 239 276 289 338 371 436 450 532 539 571 667 734 756 838 848 889 920 1007 1012 
请输入任意个正整数（升序，最多20个），以-1结束
原数组为：
31 97 183 238 266 280 340 393 470 518 521 582 613 695 750 847 853 905 926 
请输入要插入的正整数
插入后的数组为：
31 97 183 238 266 280 296 340 393 470 518 521 582 613 695 750 847 853 905 926 
请输入任意个正整数（升序，最多20个），以-1结束
原数组为：
56 
请输入要插入的正整数
插入后的数组为：
56 947 
请输入任意个正整数（升序，最多20个），以-1结束
原数组为：
43 119 193 252 
请输入要插入的正整数
插入后的数组为：
43 119 193 252 998 
请输入任意个正整数（升序，最多20个），以-1结束
原数组为：
25 60 103 191 244 276 323 403 429 507 557 558 619 718 
请输入要插入的正整数
插入后的数组为：
25 60 103 191 244 276 323 403 429 507 557 558 619 718 855 
请输入任意个正整数（升序，最多20个），以-1结束
原数组为：
79 140 185 258 332 382 435 516 603 702 712 755 820 892 921 1002 1014 1090 1171 1218 
请输入要插入的正整数
插入后的数组为：
79 140 185 258 332 372 382 435 516 603 702 712 755 820 892 921 1002 1014 1090 1171 1218 
请输入任意个正整数（升序，最多20个），以-1结束
原数组为：
29 94 
请输入要插入的正整数
插入后的数组为：
29 94 431 
请输入任意个正整数（升序，最多20个），以-1结束
原数组为：
9 87 135 141 212 278 374 471 491 585 614 702 711 795 864 942 959 974 1000 1084 
请输入要插入的正整数
插入后的数组为：
9 87 135 141 212 278 374 471 486 491 585 614 702 711 795 864 942 959 974 1000 1084 
请输入任意个正整数（升序，最多20个），以-1结束
原数组为：
10 81 94 109 194 212 292 323 390 477 521 607 614 674 701 775 806 858 929 997 
请输入要插入的正整数
插入后的数组为：
10 81 94 109 194 212 292 323 390 413 477 521 607 614 674 701 775 806 858 929 997 
请输入任意个正整数（升序，最多20个），以-1结束
原数组为：
39 77 165 220 309 356 437 530 614 701 762 855 872 873 955 1002 1067 1120 1124 1208 
请输入要插入的正整数
插入后的数组为：
39 77 95 165 220 309 356 437 530 614 701 762 855 872 873 955 1002 1067 1120 1124 1208 
请输入任意个正整数（升序，最多20个），以-1结束
原数组为：
65 146 218 224 280 323 416 496 576 644 655 668 736 787 803 882 950 990 1021 1054 
请输入要插入的正整数
插入后的数组为：
65 95 146 218 224 280 323 416 496 576 644 655 668 736 787 803 882 950 990 1021 1054 
请输入任意个正整数（升序，最多20个），以-1结束
原数组为：
24 59 139 215 270 
请输入要插入的正整数
插入后的数组为：
24 59 139 215 270 725 
请输入任意个正整数（升序，最多20个），以-1结束
原数组为：
67 123 125 157 162 202 277 339 424 486 566 602 699 701 709 789 829 905 963 1056 
请输入要插入的正整数
插入后的数组为：
67 123 125 157 162 202 277 339 424 486 546 566 602 699 701 709 789 829 905 963 1056 
请输入任意个正整数（升序，最多20个），以-1结束
原数组为：
100 180 215 287 287 294 349 415 456 544 625 693 708 804 
请输入要插入的正整数
插入后的数组为：
100 180 215 225 287 287 294 349 415 456 544 625 693 708 804 
请输入任意个正整数（升序，最多20个），以-1结束
原数组为：
38 93 155 198 240 261 283 295 343 361 429 446 460 510 600 635 694 763 858 
请输入要插入的正整数
插入后的数组为：
38 93 155 198 240 261 283 295 303 343 361 429 446 460 510 600 635 694 763 858 
请输入任意个正整数（升序，最多20个），以-1结束
原数组为：
108 113 204 265 346 398 451 484 513 600 642 695 778 798 812 830 874 937 966 1018 
请输入要插入的正整数
插入后的数组为：
108 113 204 265 346 398 451 484 513 600 642 695 778 798 812 830 864 874 937 966 1018 
