请输入成绩（最多1000个），以-1结束
输入的数组为:
85 72 38 80 69 65 68 96 22 49 
67 51 61 63 87 66 24 80 83 71 
60 64 52 90 60 49 31 23 99 94 
11 25 24 51 15 13 39 67 97 19 
76 
分数与人数的对应关系为:
99 1
97 1
96 1
94 1
90 1
87 1
85 1
83 1
80 2
76 1
72 1
71 1
69 1
68 1
67 2
66 1
65 1
64 1
63 1
61 1
60 2
52 1
51 2
49 2
39 1
38 1
31 1
25 1
24 2
23 1
22 1
19 1
15 1
13 1
11 1
请输入成绩（最多1000个），以-1结束
输入的数组为:
33 99 18 92 35 74 0 95 71 39 
33 39 32 37 45 57 71 95 5 71 
24 86 8 51 54 74 24 75 70 33 
63 29 99 58 94 52 13 35 99 46 
57 71 23 17 3 94 48 77 18 83 
11 83 25 59 62 2 78 86 7 94 
65 80 32 39 84 60 65 72 61 58 
84 8 72 12 19 47 49 49 59 71 
52 34 22 21 20 92 33 80 39 74 
9 28 97 100 93 29 25 4 66 79 
81 98 21 91 62 82 4 59 100 34 
1 51 80 92 69 77 39 38 97 51 
34 35 19 22 1 67 9 90 31 82 
11 51 84 78 70 74 42 100 88 53 
80 57 62 32 51 48 63 92 46 4 
61 31 98 69 52 88 20 68 41 48 
79 97 98 56 44 73 3 63 100 87 
87 41 79 64 83 63 1 21 72 24 
9 75 51 25 53 77 0 52 30 96 
93 32 89 70 89 55 71 79 40 10 
64 80 30 19 62 67 98 42 8 32 
57 27 22 1 38 89 52 74 43 8 
2 65 82 20 67 22 43 22 95 16 
48 25 6 75 86 96 3 85 43 69 
93 4 61 53 81 43 84 20 15 34 
22 35 26 28 33 67 19 79 19 45 
8 13 51 0 86 68 18 47 82 3 
16 80 0 18 39 22 5 26 65 70 
21 92 66 65 14 6 46 46 21 32 
80 35 86 6 67 29 42 71 14 77 
55 3 1 14 38 71 82 41 65 12 
5 77 3 67 22 59 40 81 48 63 
63 25 
分数与人数的对应关系为:
100 4
99 3
98 4
97 3
96 2
95 3
94 3
93 3
92 5
91 1
90 1
89 3
88 2
87 2
86 5
85 1
84 4
83 3
82 5
81 3
80 7
79 5
78 2
77 5
75 3
74 5
73 1
72 3
71 8
70 4
69 3
68 2
67 6
66 2
65 6
64 2
63 6
62 4
61 3
60 1
59 4
58 2
57 4
56 1
55 2
54 1
53 3
52 5
51 7
49 2
48 5
47 2
46 4
45 2
44 1
43 4
42 3
41 3
40 2
39 6
38 3
37 1
35 5
34 4
33 5
32 6
31 2
30 2
29 3
28 2
27 1
26 2
25 5
24 3
23 1
22 8
21 5
20 4
19 5
18 4
17 1
16 2
15 1
14 3
13 2
12 2
11 2
10 1
9 3
8 5
7 1
6 3
5 3
4 4
3 6
2 2
1 5
0 4
请输入成绩（最多1000个），以-1结束
输入的数组为:
32 78 83 26 96 18 99 45 56 31 
30 45 47 80 1 7 81 18 1 90 
15 71 22 69 44 18 31 60 16 93 
13 17 44 97 98 51 46 42 22 47 
72 97 24 52 55 59 25 100 28 5 
14 76 32 41 97 61 32 20 0 2 
8 41 52 77 35 22 98 78 92 68 
29 82 33 28 16 5 9 21 13 26 
39 59 69 10 42 4 13 80 34 42 
100 44 32 70 15 32 8 83 10 23 
73 8 53 7 21 10 52 14 82 28 
24 33 94 59 4 17 73 53 85 31 
100 74 74 12 72 38 34 14 22 53 
0 30 95 3 52 79 41 36 81 25 
24 67 48 95 44 7 96 77 90 48 
92 45 78 93 95 38 71 4 83 
分数与人数的对应关系为:
100 3
99 1
98 2
97 3
96 2
95 3
94 1
93 2
92 2
90 2
85 1
83 3
82 2
81 2
80 2
79 1
78 3
77 2
76 1
74 2
73 2
72 2
71 2
70 1
69 2
68 1
67 1
61 1
60 1
59 3
56 1
55 1
53 3
52 4
51 1
48 2
47 2
46 1
45 3
44 4
42 3
41 3
39 1
38 2
36 1
35 1
34 2
33 2
32 5
31 3
30 2
29 1
28 3
26 2
25 2
24 3
23 1
22 4
21 2
20 1
18 3
17 2
16 2
15 2
14 3
13 3
12 1
10 3
9 1
8 3
7 3
5 2
4 3
3 1
2 1
1 2
0 2
请输入成绩（最多1000个），以-1结束
输入的数组为:
64 89 0 76 81 34 66 
分数与人数的对应关系为:
89 1
81 1
76 1
66 1
64 1
34 1
0 1
请输入成绩（最多1000个），以-1结束
输入的数组为:
13 58 4 40 5 24 17 6 65 13 
13 76 3 20 8 36 12 60 37 42 
53 87 10 65 42 25 47 41 33 71 
69 94 24 12 92 11 71 3 82 91 
90 20 95 44 76 60 34 95 49 40 
89 4 45 27 9 34 82 59 2 20 
68 22 29 10 1 23 19 47 16 76 
47 49 90 94 10 18 55 69 14 26 
59 77 73 8 21 72 1 74 76 51 
94 44 24 98 71 77 59 9 12 49 
38 72 22 55 35 61 16 48 41 21 
67 74 92 4 7 85 34 92 39 96 
42 26 1 1 4 64 33 96 62 23 
67 76 26 47 32 73 82 30 14 61 
21 92 40 4 2 38 76 64 8 14 
3 49 71 31 38 86 98 17 15 98 
32 55 69 46 61 3 44 67 50 44 
76 0 45 23 25 11 82 99 11 39 
50 40 21 52 17 60 44 90 44 6 
16 38 3 41 43 56 26 24 0 9 
90 36 50 13 42 88 87 66 32 28 
73 94 52 11 35 47 9 87 37 57 
15 56 38 95 6 43 23 30 84 39 
88 69 5 34 81 93 86 2 77 10 
28 30 97 68 14 12 88 1 100 35 
73 30 2 43 11 41 58 82 6 84 
71 16 18 67 41 100 92 78 57 7 
35 69 56 76 13 93 26 26 38 21 
96 7 88 2 60 17 54 95 26 2 
0 21 87 11 96 36 83 88 31 24 
24 62 14 88 84 39 22 17 84 96 
1 78 91 53 9 35 75 87 100 33 
80 42 7 20 
分数与人数的对应关系为:
100 3
99 1
98 3
97 1
96 5
95 4
94 4
93 2
92 5
91 2
90 4
89 1
88 6
87 5
86 2
85 1
84 4
83 1
82 5
81 1
80 1
78 2
77 3
76 8
75 1
74 2
73 4
72 2
71 5
69 5
68 2
67 4
66 1
65 2
64 2
62 2
61 3
60 4
59 3
58 2
57 2
56 3
55 3
54 1
53 2
52 2
51 1
50 3
49 4
48 1
47 5
46 1
45 2
44 6
43 3
42 5
41 5
40 4
39 4
38 6
37 2
36 3
35 5
34 4
33 3
32 3
31 2
30 4
29 1
28 2
27 1
26 7
25 2
24 6
23 4
22 3
21 6
20 4
19 1
18 2
17 5
16 4
15 2
14 5
13 5
12 4
11 6
10 4
9 5
8 3
7 4
6 4
5 2
4 5
3 5
2 6
1 6
0 3
请输入成绩（最多1000个），以-1结束
输入的数组为:
65 81 92 14 45 96 34 6 20 86 
51 4 19 70 91 13 0 42 70 43 
15 47 14 96 72 41 91 11 72 7 
92 12 16 51 13 86 40 50 43 55 
26 7 1 70 18 71 99 49 55 94 
78 40 59 20 96 34 6 28 85 42 
70 62 63 32 34 97 80 49 47 50 
73 85 63 20 29 0 19 91 84 58 
55 33 4 68 55 12 38 49 9 13 
99 4 35 26 5 42 29 98 20 95 
77 36 63 41 42 45 81 40 53 60 
5 55 9 13 34 6 52 28 35 33 
29 21 67 57 61 21 41 95 54 50 
19 81 75 67 73 77 47 40 83 16 
28 3 13 15 87 30 22 39 49 42 
52 83 100 7 67 27 30 62 47 76 
4 19 13 25 78 55 4 21 48 42 
59 59 47 26 47 92 67 49 2 27 
67 76 44 44 23 69 83 100 64 44 
95 63 46 17 77 81 16 77 80 78 
10 26 42 19 5 58 62 42 59 85 
77 4 87 89 70 38 3 35 10 8 
87 42 67 37 2 58 55 2 56 6 
分数与人数的对应关系为:
100 2
99 2
98 1
97 1
96 3
95 3
94 1
92 3
91 3
89 1
87 3
86 2
85 3
84 1
83 3
81 4
80 2
78 3
77 5
76 2
75 1
73 2
72 2
71 1
70 5
69 1
68 1
67 6
65 1
64 1
63 4
62 3
61 1
60 1
59 4
58 3
57 1
56 1
55 7
54 1
53 1
52 2
51 2
50 3
49 5
48 1
47 6
46 1
45 2
44 3
43 2
42 9
41 3
40 4
39 1
38 2
37 1
36 1
35 3
34 4
33 2
32 1
30 2
29 3
28 3
27 2
26 4
25 1
23 1
22 1
21 3
20 4
19 5
18 1
17 1
16 3
15 2
14 2
13 6
12 2
11 1
10 2
9 2
8 1
7 3
6 4
5 3
4 6
3 2
2 3
1 1
0 2
请输入成绩（最多1000个），以-1结束
输入的数组为:
71 46 45 35 35 30 76 73 15 15 
7 0 73 14 51 91 5 58 52 27 
78 32 68 98 13 39 71 85 40 40 
36 17 28 80 79 76 53 90 26 73 
7 71 61 25 3 46 97 71 64 76 
21 22 25 97 27 7 70 92 99 2 
42 75 56 66 71 61 10 86 79 52 
46 81 5 5 76 98 81 72 55 66 
91 15 62 92 69 13 79 91 15 98 
88 96 86 33 34 89 22 89 36 10 
68 10 56 39 100 84 55 76 26 15 
76 0 0 79 35 31 64 91 88 74 
8 34 28 19 70 93 4 19 41 40 
42 7 66 51 55 76 16 70 3 56 
64 95 64 93 52 97 21 72 82 47 
57 2 57 7 96 54 66 8 67 72 
90 53 43 73 53 95 77 49 87 41 
86 15 55 17 72 50 54 68 13 72 
2 63 41 53 0 82 98 4 0 30 
29 3 64 20 98 37 82 22 83 11 
28 60 22 44 61 74 78 6 62 51 
35 14 92 38 18 18 96 91 14 14 
39 98 82 2 79 63 80 91 16 71 
82 40 12 75 94 67 38 98 50 20 
65 4 55 61 26 40 15 96 22 68 
26 36 15 44 61 31 70 4 23 0 
3 49 48 94 54 6 96 36 42 63 
28 76 15 25 28 58 52 84 13 69 
20 19 30 63 66 25 31 14 77 35 
5 32 1 78 97 43 2 58 11 
分数与人数的对应关系为:
100 1
99 1
98 7
97 4
96 5
95 2
94 2
93 2
92 3
91 6
90 2
89 2
88 2
87 1
86 3
85 1
84 2
83 1
82 5
81 2
80 2
79 5
78 3
77 2
76 8
75 2
74 2
73 4
72 5
71 6
70 4
69 2
68 4
67 2
66 5
65 1
64 5
63 4
62 2
61 5
60 1
58 3
57 2
56 3
55 5
54 3
53 4
52 4
51 3
50 2
49 2
48 1
47 1
46 3
45 1
44 2
43 2
42 3
41 3
40 5
39 3
38 2
37 1
36 4
35 5
34 2
33 1
32 2
31 3
30 3
29 1
28 5
27 2
26 4
25 4
23 1
22 5
21 2
20 3
19 3
18 2
17 2
16 2
15 9
14 5
13 4
12 1
11 2
10 3
8 2
7 5
6 2
5 4
4 4
3 4
2 5
1 1
0 6
请输入成绩（最多1000个），以-1结束
无有效输入
请输入成绩（最多1000个），以-1结束
无有效输入
请输入成绩（最多1000个），以-1结束
无有效输入
请输入成绩（最多1000个），以-1结束
无有效输入
请输入成绩（最多1000个），以-1结束
无有效输入
请输入成绩（最多1000个），以-1结束
无有效输入
请输入成绩（最多1000个），以-1结束
无有效输入
请输入成绩（最多1000个），以-1结束
无有效输入
请输入成绩（最多1000个），以-1结束
无有效输入
请输入成绩（最多1000个），以-1结束
无有效输入
请输入成绩（最多1000个），以-1结束
无有效输入
请输入成绩（最多1000个），以-1结束
无有效输入
请输入成绩（最多1000个），以-1结束
无有效输入
请输入成绩（最多1000个），以-1结束
无有效输入
请输入成绩（最多1000个），以-1结束
无有效输入
请输入成绩（最多1000个），以-1结束
无有效输入
请输入成绩（最多1000个），以-1结束
无有效输入
请输入成绩（最多1000个），以-1结束
无有效输入
请输入成绩（最多1000个），以-1结束
无有效输入
请输入成绩（最多1000个），以-1结束
无有效输入
请输入成绩（最多1000个），以-1结束
无有效输入
请输入成绩（最多1000个），以-1结束
无有效输入
请输入成绩（最多1000个），以-1结束
无有效输入
请输入成绩（最多1000个），以-1结束
无有效输入
请输入成绩（最多1000个），以-1结束
无有效输入
请输入成绩（最多1000个），以-1结束
无有效输入
请输入成绩（最多1000个），以-1结束
无有效输入
请输入成绩（最多1000个），以-1结束
无有效输入
请输入成绩（最多1000个），以-1结束
无有效输入
请输入成绩（最多1000个），以-1结束
无有效输入
请输入成绩（最多1000个），以-1结束
无有效输入
请输入成绩（最多1000个），以-1结束
无有效输入
请输入成绩（最多1000个），以-1结束
无有效输入
请输入成绩（最多1000个），以-1结束
无有效输入
请输入成绩（最多1000个），以-1结束
无有效输入
请输入成绩（最多1000个），以-1结束
无有效输入
请输入成绩（最多1000个），以-1结束
无有效输入
请输入成绩（最多1000个），以-1结束
无有效输入
请输入成绩（最多1000个），以-1结束
无有效输入
请输入成绩（最多1000个），以-1结束
无有效输入
请输入成绩（最多1000个），以-1结束
无有效输入
请输入成绩（最多1000个），以-1结束
无有效输入
请输入成绩（最多1000个），以-1结束
无有效输入
请输入成绩（最多1000个），以-1结束
无有效输入
请输入成绩（最多1000个），以-1结束
无有效输入
请输入成绩（最多1000个），以-1结束
无有效输入
请输入成绩（最多1000个），以-1结束
无有效输入
请输入成绩（最多1000个），以-1结束
无有效输入
请输入成绩（最多1000个），以-1结束
无有效输入
请输入成绩（最多1000个），以-1结束
无有效输入
请输入成绩（最多1000个），以-1结束
无有效输入
请输入成绩（最多1000个），以-1结束
无有效输入
请输入成绩（最多1000个），以-1结束
无有效输入
请输入成绩（最多1000个），以-1结束
无有效输入
请输入成绩（最多1000个），以-1结束
无有效输入
请输入成绩（最多1000个），以-1结束
无有效输入
请输入成绩（最多1000个），以-1结束
无有效输入
请输入成绩（最多1000个），以-1结束
无有效输入
请输入成绩（最多1000个），以-1结束
无有效输入
请输入成绩（最多1000个），以-1结束
无有效输入
请输入成绩（最多1000个），以-1结束
无有效输入
请输入成绩（最多1000个），以-1结束
无有效输入
请输入成绩（最多1000个），以-1结束
无有效输入
请输入成绩（最多1000个），以-1结束
无有效输入
请输入成绩（最多1000个），以-1结束
无有效输入
请输入成绩（最多1000个），以-1结束
无有效输入
请输入成绩（最多1000个），以-1结束
无有效输入
请输入成绩（最多1000个），以-1结束
无有效输入
请输入成绩（最多1000个），以-1结束
无有效输入
请输入成绩（最多1000个），以-1结束
无有效输入
请输入成绩（最多1000个），以-1结束
无有效输入
请输入成绩（最多1000个），以-1结束
无有效输入
请输入成绩（最多1000个），以-1结束
无有效输入
请输入成绩（最多1000个），以-1结束
无有效输入
请输入成绩（最多1000个），以-1结束
无有效输入
请输入成绩（最多1000个），以-1结束
无有效输入
请输入成绩（最多1000个），以-1结束
无有效输入
请输入成绩（最多1000个），以-1结束
无有效输入
请输入成绩（最多1000个），以-1结束
无有效输入
请输入成绩（最多1000个），以-1结束
无有效输入
请输入成绩（最多1000个），以-1结束
无有效输入
请输入成绩（最多1000个），以-1结束
无有效输入
请输入成绩（最多1000个），以-1结束
无有效输入
请输入成绩（最多1000个），以-1结束
无有效输入
请输入成绩（最多1000个），以-1结束
无有效输入
