请输入成绩（最多1000个），以-1结束
输入的数组为:
85 72 38 80 69 65 68 96 22 49 
67 51 61 63 87 66 24 80 83 71 
60 64 52 90 60 49 31 23 99 94 
11 25 24 51 15 13 39 67 97 19 
76 
分数与名次的对应关系为:
99 1
97 2
96 3
94 4
90 5
87 6
85 7
83 8
80 9
80 9
76 11
72 12
71 13
69 14
68 15
67 16
67 16
66 18
65 19
64 20
63 21
61 22
60 23
60 23
52 25
51 26
51 26
49 28
49 28
39 30
38 31
31 32
25 33
24 34
24 34
23 36
22 37
19 38
15 39
13 40
11 41
请输入成绩（最多1000个），以-1结束
输入的数组为:
33 99 18 92 35 74 0 95 71 39 
33 39 32 37 45 57 71 95 5 71 
24 86 8 51 54 74 24 75 70 33 
63 29 99 58 94 52 13 35 99 46 
57 71 23 17 3 94 48 77 18 83 
11 83 25 59 62 2 78 86 7 94 
65 80 32 39 84 60 65 72 61 58 
84 8 72 12 19 47 49 49 59 71 
52 34 22 21 20 92 33 80 39 74 
9 28 97 100 93 29 25 4 66 79 
81 98 21 91 62 82 4 59 100 34 
1 51 80 92 69 77 39 38 97 51 
34 35 
分数与名次的对应关系为:
100 1
100 1
99 3
99 3
99 3
98 6
97 7
97 7
95 9
95 9
94 11
94 11
94 11
93 14
92 15
92 15
92 15
91 18
86 19
86 19
84 21
84 21
83 23
83 23
82 25
81 26
80 27
80 27
80 27
79 30
78 31
77 32
77 32
75 34
74 35
74 35
74 35
72 38
72 38
71 40
71 40
71 40
71 40
71 40
70 45
69 46
66 47
65 48
65 48
63 50
62 51
62 51
61 53
60 54
59 55
59 55
59 55
58 58
58 58
57 60
57 60
54 62
52 63
52 63
51 65
51 65
51 65
49 68
49 68
48 70
47 71
46 72
45 73
39 74
39 74
39 74
39 74
39 74
38 79
37 80
35 81
35 81
35 81
34 84
34 84
34 84
33 87
33 87
33 87
33 87
32 91
32 91
29 93
29 93
28 95
25 96
25 96
24 98
24 98
23 100
22 101
21 102
21 102
20 104
19 105
18 106
18 106
17 108
13 109
12 110
11 111
9 112
8 113
8 113
7 115
5 116
4 117
4 117
3 119
2 120
1 121
0 122
请输入成绩（最多1000个），以-1结束
输入的数组为:
22 1 67 9 90 31 82 11 51 84 
78 70 74 42 100 88 53 80 57 62 
32 51 48 63 92 46 4 61 31 98 
69 52 88 20 68 41 48 79 97 98 
56 44 73 3 63 100 87 87 41 79 
64 83 63 1 21 72 24 9 75 51 
25 53 77 0 52 30 96 93 32 89 
70 89 55 71 79 40 10 64 80 30 
19 62 67 98 42 8 32 57 27 22 
1 38 89 52 74 43 8 2 65 82 
20 67 22 43 22 95 16 48 25 6 
75 86 96 3 85 43 69 93 4 61 
53 81 43 84 20 15 34 22 35 26 
28 33 67 19 79 19 45 8 13 51 
0 86 68 18 47 82 3 16 80 0 
18 39 22 5 26 65 70 21 92 66 
65 14 6 46 46 21 32 80 35 86 
6 67 29 42 71 14 77 55 3 1 
14 38 71 
分数与名次的对应关系为:
100 1
100 1
98 3
98 3
98 3
97 6
96 7
96 7
95 9
93 10
93 10
92 12
92 12
90 14
89 15
89 15
89 15
88 18
88 18
87 20
87 20
86 22
86 22
86 22
85 25
84 26
84 26
83 28
82 29
82 29
82 29
81 32
80 33
80 33
80 33
80 33
79 37
79 37
79 37
79 37
78 41
77 42
77 42
75 44
75 44
74 46
74 46
73 48
72 49
71 50
71 50
71 50
70 53
70 53
70 53
69 56
69 56
68 58
68 58
67 60
67 60
67 60
67 60
67 60
66 65
65 66
65 66
65 66
64 69
64 69
63 71
63 71
63 71
62 74
62 74
61 76
61 76
57 78
57 78
56 80
55 81
55 81
53 83
53 83
53 83
52 86
52 86
52 86
51 89
51 89
51 89
51 89
48 93
48 93
48 93
47 96
46 97
46 97
46 97
45 100
44 101
43 102
43 102
43 102
43 102
42 106
42 106
42 106
41 109
41 109
40 111
39 112
38 113
38 113
35 115
35 115
34 117
33 118
32 119
32 119
32 119
32 119
31 123
31 123
30 125
30 125
29 127
28 128
27 129
26 130
26 130
25 132
25 132
24 134
22 135
22 135
22 135
22 135
22 135
22 135
21 141
21 141
21 141
20 144
20 144
20 144
19 147
19 147
19 147
18 150
18 150
16 152
16 152
15 154
14 155
14 155
14 155
13 158
11 159
10 160
9 161
9 161
8 163
8 163
8 163
6 166
6 166
6 166
5 169
4 170
4 170
3 172
3 172
3 172
3 172
2 176
1 177
1 177
1 177
1 177
0 181
0 181
0 181
请输入成绩（最多1000个），以-1结束
输入的数组为:
41 65 12 5 77 3 67 22 59 40 
81 48 63 63 25 45 32 78 83 26 
96 18 99 45 56 31 30 45 47 80 
1 7 81 18 1 90 15 71 22 69 
44 18 31 60 16 93 13 17 44 97 
98 51 46 42 22 47 72 97 24 52 
55 59 25 100 28 5 14 76 32 41 
97 61 32 20 0 2 8 41 52 77 
35 22 98 78 92 68 29 82 33 28 
16 5 9 21 13 26 39 59 69 10 
42 4 13 80 34 42 100 44 32 70 
15 32 8 83 10 23 73 8 53 7 
21 10 52 14 82 28 24 33 94 59 
4 17 73 53 85 31 100 74 74 12 
72 38 34 14 22 53 0 30 95 3 
52 79 41 36 81 25 
分数与名次的对应关系为:
100 1
100 1
100 1
99 4
98 5
98 5
97 7
97 7
97 7
96 10
95 11
94 12
93 13
92 14
90 15
85 16
83 17
83 17
82 19
82 19
81 21
81 21
81 21
80 24
80 24
79 26
78 27
78 27
77 29
77 29
76 31
74 32
74 32
73 34
73 34
72 36
72 36
71 38
70 39
69 40
69 40
68 42
67 43
65 44
63 45
63 45
61 47
60 48
59 49
59 49
59 49
59 49
56 53
55 54
53 55
53 55
53 55
52 58
52 58
52 58
52 58
51 62
48 63
47 64
47 64
46 66
45 67
45 67
45 67
44 70
44 70
44 70
42 73
42 73
42 73
41 76
41 76
41 76
41 76
40 80
39 81
38 82
36 83
35 84
34 85
34 85
33 87
33 87
32 89
32 89
32 89
32 89
32 89
31 94
31 94
31 94
30 97
30 97
29 99
28 100
28 100
28 100
26 103
26 103
25 105
25 105
25 105
24 108
24 108
23 110
22 111
22 111
22 111
22 111
22 111
21 116
21 116
20 118
18 119
18 119
18 119
17 122
17 122
16 124
16 124
15 126
15 126
14 128
14 128
14 128
13 131
13 131
13 131
12 134
12 134
10 136
10 136
10 136
9 139
8 140
8 140
8 140
7 143
7 143
5 145
5 145
5 145
4 148
4 148
3 150
3 150
2 152
1 153
1 153
0 155
0 155
请输入成绩（最多1000个），以-1结束
输入的数组为:
67 48 95 44 7 96 77 90 48 92 
45 78 93 95 38 71 4 83 79 64 
89 0 76 81 34 66 1 13 58 4 
40 5 24 17 6 65 13 13 76 3 
20 8 36 12 60 37 42 53 87 10 
65 42 25 47 41 33 71 69 94 24 
12 92 11 71 3 82 91 90 20 95 
44 76 60 34 95 49 40 89 4 45 
27 9 34 82 59 2 20 68 22 29 
10 1 23 19 47 16 76 47 49 90 
94 10 18 55 69 14 26 59 77 73 
8 21 72 1 74 76 51 94 44 24 
98 71 77 59 9 12 49 38 72 22 
55 35 61 16 48 41 21 67 74 92 
4 7 85 34 92 39 96 42 26 1 
1 4 64 33 96 62 23 67 76 26 
47 32 73 82 30 14 61 21 92 40 
4 2 38 76 64 8 14 3 49 71 
31 38 86 98 17 15 98 32 55 69 
46 61 3 44 67 50 44 76 0 45 
23 25 11 82 99 11 39 50 40 21 
52 
分数与名次的对应关系为:
99 1
98 2
98 2
98 2
96 5
96 5
96 5
95 8
95 8
95 8
95 8
94 12
94 12
94 12
93 15
92 16
92 16
92 16
92 16
92 16
91 21
90 22
90 22
90 22
89 25
89 25
87 27
86 28
85 29
83 30
82 31
82 31
82 31
82 31
81 35
79 36
78 37
77 38
77 38
77 38
76 41
76 41
76 41
76 41
76 41
76 41
76 41
76 41
74 49
74 49
73 51
73 51
72 53
72 53
71 55
71 55
71 55
71 55
71 55
69 60
69 60
69 60
68 63
67 64
67 64
67 64
67 64
66 68
65 69
65 69
64 71
64 71
64 71
62 74
61 75
61 75
61 75
60 78
60 78
59 80
59 80
59 80
58 83
55 84
55 84
55 84
53 87
52 88
51 89
50 90
50 90
49 92
49 92
49 92
49 92
48 96
48 96
48 96
47 99
47 99
47 99
47 99
46 103
45 104
45 104
45 104
44 107
44 107
44 107
44 107
44 107
42 112
42 112
42 112
41 115
41 115
40 117
40 117
40 117
40 117
39 121
39 121
38 123
38 123
38 123
38 123
37 127
36 128
35 129
34 130
34 130
34 130
34 130
33 134
33 134
32 136
32 136
31 138
30 139
29 140
27 141
26 142
26 142
26 142
25 145
25 145
24 147
24 147
24 147
23 150
23 150
23 150
22 153
22 153
21 155
21 155
21 155
21 155
20 159
20 159
20 159
19 162
18 163
17 164
17 164
16 166
16 166
15 168
14 169
14 169
14 169
13 172
13 172
13 172
12 175
12 175
12 175
11 178
11 178
11 178
10 181
10 181
10 181
9 184
9 184
8 186
8 186
8 186
7 189
7 189
6 191
5 192
4 193
4 193
4 193
4 193
4 193
4 193
3 199
3 199
3 199
3 199
2 203
2 203
1 205
1 205
1 205
1 205
1 205
0 210
0 210
请输入成绩（最多1000个），以-1结束
输入的数组为:
60 44 90 44 6 16 38 3 41 43 
56 26 24 0 9 90 36 50 13 42 
88 87 66 32 28 73 94 52 11 35 
47 9 87 37 57 15 56 38 95 6 
43 23 30 84 39 88 69 5 34 81 
93 86 2 77 10 28 30 97 68 14 
12 88 1 100 35 73 30 2 43 11 
41 58 82 6 84 71 16 18 67 41 
100 92 78 57 7 35 69 56 76 13 
93 26 26 38 21 96 7 88 2 60 
17 54 95 26 2 0 21 87 11 96 
36 83 88 31 24 24 62 14 88 84 
39 22 17 84 96 1 78 91 53 9 
35 75 87 100 33 80 42 7 20 50 
65 81 92 14 45 96 34 6 20 86 
51 4 19 70 91 13 0 42 70 43 
15 47 14 96 72 41 91 11 72 7 
92 12 16 51 13 86 40 50 43 55 
26 7 1 70 18 71 99 49 55 
分数与名次的对应关系为:
100 1
100 1
100 1
99 4
97 5
96 6
96 6
96 6
96 6
96 6
95 11
95 11
94 13
93 14
93 14
92 16
92 16
92 16
91 19
91 19
91 19
90 22
90 22
88 24
88 24
88 24
88 24
88 24
88 24
87 30
87 30
87 30
87 30
86 34
86 34
86 34
84 37
84 37
84 37
84 37
83 41
82 42
81 43
81 43
80 45
78 46
78 46
77 48
76 49
75 50
73 51
73 51
72 53
72 53
71 55
71 55
70 57
70 57
70 57
69 60
69 60
68 62
67 63
66 64
65 65
62 66
60 67
60 67
58 69
57 70
57 70
56 72
56 72
56 72
55 75
55 75
54 77
53 78
52 79
51 80
51 80
50 82
50 82
50 82
49 85
47 86
47 86
45 88
44 89
44 89
43 91
43 91
43 91
43 91
43 91
42 96
42 96
42 96
41 99
41 99
41 99
41 99
40 103
39 104
39 104
38 106
38 106
38 106
37 109
36 110
36 110
35 112
35 112
35 112
35 112
34 116
34 116
33 118
32 119
31 120
30 121
30 121
30 121
28 124
28 124
26 126
26 126
26 126
26 126
26 126
24 131
24 131
24 131
23 134
22 135
21 136
21 136
20 138
20 138
19 140
18 141
18 141
17 143
17 143
16 145
16 145
16 145
15 148
15 148
14 150
14 150
14 150
14 150
13 154
13 154
13 154
13 154
12 158
12 158
11 160
11 160
11 160
11 160
10 164
9 165
9 165
9 165
7 168
7 168
7 168
7 168
7 168
6 173
6 173
6 173
6 173
5 177
4 178
3 179
2 180
2 180
2 180
2 180
1 184
1 184
1 184
0 187
0 187
0 187
请输入成绩（最多1000个），以-1结束
输入的数组为:
78 40 59 20 96 34 6 28 85 42 
70 62 63 32 34 97 80 49 47 50 
73 85 63 20 29 0 19 91 84 58 
55 33 4 68 55 12 38 49 9 13 
99 4 35 26 5 42 29 98 20 95 
77 36 63 41 42 45 81 40 53 60 
5 55 9 13 34 6 52 28 35 33 
29 21 67 57 61 21 41 95 54 50 
19 81 75 67 73 77 47 40 83 16 
28 3 13 15 87 30 22 39 49 42 
52 83 100 7 67 27 30 62 47 76 
4 19 13 25 78 55 4 21 48 42 
59 59 47 26 47 92 67 49 2 27 
67 76 44 44 23 69 83 100 64 44 
95 63 46 17 77 81 16 77 80 78 
10 26 42 19 5 58 62 42 59 85 
77 4 87 89 70 38 3 35 10 8 
87 42 67 37 2 58 55 2 56 6 
94 71 46 45 35 35 30 76 73 15 
15 7 0 73 14 51 91 5 58 52 
27 78 32 68 98 13 39 71 85 40 
40 36 17 28 80 79 76 53 90 26 
73 7 71 61 25 3 46 97 71 64 
76 
分数与名次的对应关系为:
100 1
100 1
99 3
98 4
98 4
97 6
97 6
96 8
95 9
95 9
95 9
94 12
92 13
91 14
91 14
90 16
89 17
87 18
87 18
87 18
85 21
85 21
85 21
85 21
84 25
83 26
83 26
83 26
81 29
81 29
81 29
80 32
80 32
80 32
79 35
78 36
78 36
78 36
78 36
77 40
77 40
77 40
77 40
77 40
76 45
76 45
76 45
76 45
76 45
75 50
73 51
73 51
73 51
73 51
73 51
71 56
71 56
71 56
71 56
70 60
70 60
69 62
68 63
68 63
67 65
67 65
67 65
67 65
67 65
67 65
64 71
64 71
63 73
63 73
63 73
63 73
62 77
62 77
62 77
61 80
61 80
60 82
59 83
59 83
59 83
59 83
58 87
58 87
58 87
58 87
57 91
56 92
55 93
55 93
55 93
55 93
55 93
54 98
53 99
53 99
52 101
52 101
52 101
51 104
50 105
50 105
49 107
49 107
49 107
49 107
48 111
47 112
47 112
47 112
47 112
47 112
46 117
46 117
46 117
45 120
45 120
44 122
44 122
44 122
42 125
42 125
42 125
42 125
42 125
42 125
42 125
42 125
41 133
41 133
40 135
40 135
40 135
40 135
40 135
39 140
39 140
38 142
38 142
37 144
36 145
36 145
35 147
35 147
35 147
35 147
35 147
34 152
34 152
34 152
33 155
33 155
32 157
32 157
30 159
30 159
30 159
29 162
29 162
29 162
28 165
28 165
28 165
28 165
27 169
27 169
27 169
26 172
26 172
26 172
26 172
25 176
25 176
23 178
22 179
21 180
21 180
21 180
20 183
20 183
20 183
19 186
19 186
19 186
19 186
17 190
17 190
16 192
16 192
15 194
15 194
15 194
14 197
13 198
13 198
13 198
13 198
13 198
12 203
10 204
10 204
9 206
9 206
8 208
7 209
7 209
7 209
6 212
6 212
6 212
5 215
5 215
5 215
5 215
4 219
4 219
4 219
4 219
4 219
3 224
3 224
3 224
2 227
2 227
2 227
0 230
0 230
请输入成绩（最多1000个），以-1结束
输入的数组为:
22 25 97 27 7 70 92 99 2 42 
75 56 66 71 61 10 86 79 52 46 
81 5 5 76 98 81 72 55 66 91 
15 62 92 69 13 79 91 15 98 88 
96 86 33 34 89 22 89 36 10 68 
10 56 39 100 84 55 76 26 15 76 
0 
分数与名次的对应关系为:
100 1
99 2
98 3
98 3
97 5
96 6
92 7
92 7
91 9
91 9
89 11
89 11
88 13
86 14
86 14
84 16
81 17
81 17
79 19
79 19
76 21
76 21
76 21
75 24
72 25
71 26
70 27
69 28
68 29
66 30
66 30
62 32
61 33
56 34
56 34
55 36
55 36
52 38
46 39
42 40
39 41
36 42
34 43
33 44
27 45
26 46
25 47
22 48
22 48
15 50
15 50
15 50
13 53
10 54
10 54
10 54
7 57
5 58
5 58
2 60
0 61
请输入成绩（最多1000个），以-1结束
输入的数组为:
79 35 31 64 91 88 74 8 34 28 
19 70 93 4 19 41 40 42 7 66 
51 55 76 16 70 3 56 64 95 64 
93 52 97 21 72 82 47 57 2 57 
7 96 54 66 8 67 72 90 53 43 
73 53 95 77 49 87 41 86 15 55 
17 72 50 54 68 13 72 2 63 41 
53 0 82 98 4 0 30 29 3 64 
20 98 37 82 22 83 11 28 60 22 
44 61 74 78 6 62 51 35 14 92 
38 18 18 96 91 14 14 39 98 82 
2 79 63 80 91 16 71 82 40 12 
75 94 67 38 98 50 20 65 4 55 
61 26 40 15 96 22 68 26 36 15 
44 61 31 70 4 23 0 3 49 48 
94 54 6 96 36 42 63 28 76 15 
25 28 58 52 84 13 69 20 19 30 
63 66 25 31 14 77 35 5 32 1 
78 97 43 2 58 11 73 56 78 99 
91 40 0 10 4 
分数与名次的对应关系为:
99 1
98 2
98 2
98 2
98 2
97 6
97 6
96 8
96 8
96 8
96 8
95 12
95 12
94 14
94 14
93 16
93 16
92 18
91 19
91 19
91 19
91 19
90 23
88 24
87 25
86 26
84 27
83 28
82 29
82 29
82 29
82 29
82 29
80 34
79 35
79 35
78 37
78 37
78 37
77 40
77 40
76 42
76 42
75 44
74 45
74 45
73 47
73 47
72 49
72 49
72 49
72 49
71 53
70 54
70 54
70 54
69 57
68 58
68 58
67 60
67 60
66 62
66 62
66 62
65 65
64 66
64 66
64 66
64 66
63 70
63 70
63 70
63 70
62 74
61 75
61 75
61 75
60 78
58 79
58 79
57 81
57 81
56 83
56 83
55 85
55 85
55 85
54 88
54 88
54 88
53 91
53 91
53 91
52 94
52 94
51 96
51 96
50 98
50 98
49 100
49 100
48 102
47 103
44 104
44 104
43 106
43 106
42 108
42 108
41 110
41 110
41 110
40 113
40 113
40 113
40 113
39 117
38 118
38 118
37 120
36 121
36 121
35 123
35 123
35 123
34 126
32 127
31 128
31 128
31 128
30 131
30 131
29 133
28 134
28 134
28 134
28 134
26 138
26 138
25 140
25 140
23 142
22 143
22 143
22 143
21 146
20 147
20 147
20 147
19 150
19 150
19 150
18 153
18 153
17 155
16 156
16 156
15 158
15 158
15 158
15 158
14 162
14 162
14 162
14 162
13 166
13 166
12 168
11 169
11 169
10 171
8 172
8 172
7 174
7 174
6 176
6 176
5 178
4 179
4 179
4 179
4 179
4 179
3 184
3 184
3 184
2 187
2 187
2 187
2 187
1 191
0 192
0 192
0 192
0 192
请输入成绩（最多1000个），以-1结束
输入的数组为:
18 14 85 20 76 66 56 62 57 35 
79 43 61 32 60 41 37 32 63 13 
76 98 76 88 41 16 45 29 55 32 
50 96 31 58 92 43 71 4 55 3 
22 7 54 91 2 100 84 18 32 73 
64 45 78 22 86 58 46 28 19 6 
60 80 15 65 12 65 86 73 94 4 
85 90 67 95 17 44 49 16 27 58 
15 97 83 78 41 91 7 13 20 18 
85 56 55 87 87 31 77 47 63 55 
18 81 35 0 14 5 46 34 94 7 
11 97 74 37 34 7 65 45 62 69 
83 38 85 39 96 100 89 44 86 28 
26 24 18 23 78 45 10 4 24 69 
95 43 66 52 32 79 93 68 11 63 
74 11 32 33 40 68 5 81 14 34 
82 96 78 23 84 65 
分数与名次的对应关系为:
100 1
100 1
98 3
97 4
97 4
96 6
96 6
96 6
95 9
95 9
94 11
94 11
93 13
92 14
91 15
91 15
90 17
89 18
88 19
87 20
87 20
86 22
86 22
86 22
85 25
85 25
85 25
85 25
84 29
84 29
83 31
83 31
82 33
81 34
81 34
80 36
79 37
79 37
78 39
78 39
78 39
78 39
77 43
76 44
76 44
76 44
74 47
74 47
73 49
73 49
71 51
69 52
69 52
68 54
68 54
67 56
66 57
66 57
65 59
65 59
65 59
65 59
64 63
63 64
63 64
63 64
62 67
62 67
61 69
60 70
60 70
58 72
58 72
58 72
57 75
56 76
56 76
55 78
55 78
55 78
55 78
54 82
52 83
50 84
49 85
47 86
46 87
46 87
45 89
45 89
45 89
45 89
44 93
44 93
43 95
43 95
43 95
41 98
41 98
41 98
40 101
39 102
38 103
37 104
37 104
35 106
35 106
34 108
34 108
34 108
33 111
32 112
32 112
32 112
32 112
32 112
32 112
31 118
31 118
29 120
28 121
28 121
27 123
26 124
24 125
24 125
23 127
23 127
22 129
22 129
20 131
20 131
19 133
18 134
18 134
18 134
18 134
18 134
17 139
16 140
16 140
15 142
15 142
14 144
14 144
14 144
13 147
13 147
12 149
11 150
11 150
11 150
10 153
7 154
7 154
7 154
7 154
6 158
5 159
5 159
4 161
4 161
4 161
3 164
2 165
0 166
请输入成绩（最多1000个），以-1结束
输入的数组为:
85 20 16 35 16 86 66 90 1 18 
83 92 36 95 34 67 94 17 84 88 
54 11 82 38 35 98 89 70 54 70 
11 0 66 31 21 69 79 56 5 89 
0 28 95 11 40 61 8 5 40 34 
96 67 60 66 39 15 59 74 41 55 
69 51 56 4 91 21 93 2 21 8 
21 12 64 61 38 80 54 9 95 32 
57 88 66 65 25 21 64 13 90 56 
37 45 64 57 64 51 55 62 54 30 
27 2 73 1 0 97 29 24 87 55 
14 59 49 2 60 69 49 
分数与名次的对应关系为:
98 1
97 2
96 3
95 4
95 4
95 4
94 7
93 8
92 9
91 10
90 11
90 11
89 13
89 13
88 15
88 15
87 17
86 18
85 19
84 20
83 21
82 22
80 23
79 24
74 25
73 26
70 27
70 27
69 29
69 29
69 29
67 32
67 32
66 34
66 34
66 34
66 34
65 38
64 39
64 39
64 39
64 39
62 43
61 44
61 44
60 46
60 46
59 48
59 48
57 50
57 50
56 52
56 52
56 52
55 55
55 55
55 55
54 58
54 58
54 58
54 58
51 62
51 62
49 64
49 64
45 66
41 67
40 68
40 68
39 70
38 71
38 71
37 73
36 74
35 75
35 75
34 77
34 77
32 79
31 80
30 81
29 82
28 83
27 84
25 85
24 86
21 87
21 87
21 87
21 87
21 87
20 92
18 93
17 94
16 95
16 95
15 97
14 98
13 99
12 100
11 101
11 101
11 101
9 104
8 105
8 105
5 107
5 107
4 109
2 110
2 110
2 110
1 113
1 113
0 115
0 115
0 115
请输入成绩（最多1000个），以-1结束
输入的数组为:
9 95 35 12 70 45 73 31 59 93 
1 4 83 92 43 38 66 24 6 18 
52 35 50 28 36 79 63 82 36 15 
81 85 2 87 63 32 13 60 76 42 
11 6 51 92 3 76 62 48 78 29 
72 78 40 49 49 69 43 9 98 5 
91 57 44 25 15 45 18 96 4 11 
57 64 17 51 97 70 82 72 67 47 
89 34 1 30 52 2 92 35 21 51 
37 64 41 77 83 58 34 50 64 20 
79 55 91 36 7 9 56 10 47 86 
35 6 92 22 25 66 24 26 20 10 
70 12 21 21 100 78 61 19 47 60 
84 72 19 5 44 59 38 90 60 75 
24 57 44 70 26 
分数与名次的对应关系为:
100 1
98 2
97 3
96 4
95 5
93 6
92 7
92 7
92 7
92 7
91 11
91 11
90 13
89 14
87 15
86 16
85 17
84 18
83 19
83 19
82 21
82 21
81 23
79 24
79 24
78 26
78 26
78 26
77 29
76 30
76 30
75 32
73 33
72 34
72 34
72 34
70 37
70 37
70 37
70 37
69 41
67 42
66 43
66 43
64 45
64 45
64 45
63 48
63 48
62 50
61 51
60 52
60 52
60 52
59 55
59 55
58 57
57 58
57 58
57 58
56 61
55 62
52 63
52 63
51 65
51 65
51 65
50 68
50 68
49 70
49 70
48 72
47 73
47 73
47 73
45 76
45 76
44 78
44 78
44 78
43 81
43 81
42 83
41 84
40 85
38 86
38 86
37 88
36 89
36 89
36 89
35 92
35 92
35 92
35 92
34 96
34 96
32 98
31 99
30 100
29 101
28 102
26 103
26 103
25 105
25 105
24 107
24 107
24 107
22 110
21 111
21 111
21 111
20 114
20 114
19 116
19 116
18 118
18 118
17 120
15 121
15 121
13 123
12 124
12 124
11 126
11 126
10 128
10 128
9 130
9 130
9 130
7 133
6 134
6 134
6 134
5 137
5 137
4 139
4 139
3 141
2 142
2 142
1 144
1 144
请输入成绩（最多1000个），以-1结束
输入的数组为:
73 69 31 63 25 66 47 56 27 37 
2 49 59 45 72 18 91 94 4 81 
88 57 69 82 64 62 72 28 8 93 
4 63 69 0 28 62 0 55 58 99 
35 4 65 100 95 57 42 77 96 35 
21 45 70 57 61 98 83 18 76 59 
2 33 38 79 51 16 62 60 17 46 
77 96 16 67 96 12 29 73 94 85 
7 58 95 23 56 58 48 78 22 69 
57 39 79 75 86 44 12 76 3 53 
66 66 82 68 32 89 84 56 18 29 
34 57 31 36 55 27 46 68 7 84 
35 44 15 78 93 16 91 24 43 3 
48 43 70 10 63 78 51 98 100 79 
20 75 16 78 57 29 89 88 87 58 
76 62 11 42 45 30 49 13 26 91 
76 74 98 63 88 76 60 52 28 86 
93 29 85 84 5 25 43 70 29 25 
61 78 5 80 9 65 7 39 44 91 
42 60 38 54 19 31 94 87 68 46 
57 52 91 16 95 90 73 32 4 1 
92 17 68 67 49 33 3 5 1 80 
75 31 40 53 58 2 63 31 87 80 
11 50 1 74 31 52 53 70 1 85 
6 99 15 35 28 49 75 97 33 25 
74 44 18 47 29 47 44 56 69 31 
79 7 46 23 95 76 47 38 37 97 
79 79 47 60 75 5 
分数与名次的对应关系为:
100 1
100 1
99 3
99 3
98 5
98 5
98 5
97 8
97 8
96 10
96 10
96 10
95 13
95 13
95 13
95 13
94 17
94 17
94 17
93 20
93 20
93 20
92 23
91 24
91 24
91 24
91 24
91 24
90 29
89 30
89 30
88 32
88 32
88 32
87 35
87 35
87 35
86 38
86 38
85 40
85 40
85 40
84 43
84 43
84 43
83 46
82 47
82 47
81 49
80 50
80 50
80 50
79 53
79 53
79 53
79 53
79 53
79 53
78 59
78 59
78 59
78 59
78 59
77 64
77 64
76 66
76 66
76 66
76 66
76 66
76 66
75 72
75 72
75 72
75 72
75 72
74 77
74 77
74 77
73 80
73 80
73 80
72 83
72 83
70 85
70 85
70 85
70 85
69 89
69 89
69 89
69 89
69 89
68 94
68 94
68 94
68 94
67 98
67 98
66 100
66 100
66 100
65 103
65 103
64 105
63 106
63 106
63 106
63 106
63 106
62 111
62 111
62 111
62 111
61 115
61 115
60 117
60 117
60 117
60 117
59 121
59 121
58 123
58 123
58 123
58 123
58 123
57 128
57 128
57 128
57 128
57 128
57 128
57 128
56 135
56 135
56 135
56 135
55 139
55 139
54 141
53 142
53 142
53 142
52 145
52 145
52 145
51 148
51 148
50 150
49 151
49 151
49 151
49 151
48 155
48 155
47 157
47 157
47 157
47 157
47 157
46 162
46 162
46 162
46 162
45 166
45 166
45 166
44 169
44 169
44 169
44 169
44 169
43 174
43 174
43 174
42 177
42 177
42 177
40 180
39 181
39 181
38 183
38 183
38 183
37 186
37 186
36 188
35 189
35 189
35 189
35 189
34 193
33 194
33 194
33 194
32 197
32 197
31 199
31 199
31 199
31 199
31 199
31 199
31 199
30 206
29 207
29 207
29 207
29 207
29 207
29 207
28 213
28 213
28 213
28 213
27 217
27 217
26 219
25 220
25 220
25 220
25 220
24 224
23 225
23 225
22 227
21 228
20 229
19 230
18 231
18 231
18 231
18 231
17 235
17 235
16 237
16 237
16 237
16 237
16 237
15 242
15 242
13 244
12 245
12 245
11 247
11 247
10 249
9 250
8 251
7 252
7 252
7 252
7 252
6 256
5 257
5 257
5 257
5 257
4 261
4 261
4 261
4 261
3 265
3 265
3 265
2 268
2 268
2 268
1 271
1 271
1 271
1 271
0 275
0 275
请输入成绩（最多1000个），以-1结束
输入的数组为:
48 97 70 67 2 83 57 58 90 74 
13 77 89 2 77 76 21 100 93 82 
64 34 94 31 88 91 77 32 47 38 
18 81 70 0 20 41 37 37 17 77 
43 99 79 4 34 66 74 4 1 59 
38 34 34 0 24 9 76 56 95 51 
43 55 51 65 10 73 12 17 66 54 
97 52 57 84 65 89 38 55 28 77 
98 10 36 93 33 58 99 36 19 77 
59 50 35 83 85 87 3 3 63 16 
31 17 2 38 27 28 59 29 63 75 
52 60 2 3 14 
分数与名次的对应关系为:
100 1
99 2
99 2
98 4
97 5
97 5
95 7
94 8
93 9
93 9
91 11
90 12
89 13
89 13
88 15
87 16
85 17
84 18
83 19
83 19
82 21
81 22
79 23
77 24
77 24
77 24
77 24
77 24
77 24
76 30
76 30
75 32
74 33
74 33
73 35
70 36
70 36
67 38
66 39
66 39
65 41
65 41
64 43
63 44
63 44
60 46
59 47
59 47
59 47
58 50
58 50
57 52
57 52
56 54
55 55
55 55
54 57
52 58
52 58
51 60
51 60
50 62
48 63
47 64
43 65
43 65
41 67
38 68
38 68
38 68
38 68
37 72
37 72
36 74
36 74
35 76
34 77
34 77
34 77
34 77
33 81
32 82
31 83
31 83
29 85
28 86
28 86
27 88
24 89
21 90
20 91
19 92
18 93
17 94
17 94
17 94
16 97
14 98
13 99
12 100
10 101
10 101
9 103
4 104
4 104
3 106
3 106
3 106
2 109
2 109
2 109
2 109
1 113
0 114
0 114
请输入成绩（最多1000个），以-1结束
输入的数组为:
28 75 30 39 77 75 65 59 79 2 
47 4 29 96 84 37 98 16 56 63 
34 75 32 69 80 24 60 3 95 40 
57 60 94 22 37 20 79 27 2 59 
89 88 37 81 37 11 56 95 33 82 
25 76 14 79 81 48 79 53 54 69 
95 99 96 98 24 43 81 89 69 71 
27 33 61 22 91 55 46 15 83 28 
75 34 82 86 61 2 79 3 74 63 
56 33 65 87 64 66 22 84 42 100 
47 45 23 46 83 68 44 74 77 88 
7 47 18 64 87 96 39 74 60 70 
57 6 74 65 98 85 89 8 68 87 
90 43 41 2 52 75 19 11 35 27 
35 65 85 28 41 7 74 39 83 13 
61 80 38 74 79 22 39 45 22 81 
32 17 95 25 37 99 3 66 42 17 
7 56 23 30 7 78 11 74 10 13 
72 70 34 95 35 64 42 71 9 95 
96 22 81 36 78 19 78 4 33 91 
46 3 6 33 5 39 34 54 32 59 
24 4 24 80 98 41 32 39 25 63 
70 45 
分数与名次的对应关系为:
100 1
99 2
99 2
98 4
98 4
98 4
98 4
96 8
96 8
96 8
96 8
95 12
95 12
95 12
95 12
95 12
95 12
94 18
91 19
91 19
90 21
89 22
89 22
89 22
88 25
88 25
87 27
87 27
87 27
86 30
85 31
85 31
84 33
84 33
83 35
83 35
83 35
82 38
82 38
81 40
81 40
81 40
81 40
81 40
80 45
80 45
80 45
79 48
79 48
79 48
79 48
79 48
79 48
78 54
78 54
78 54
77 57
77 57
76 59
75 60
75 60
75 60
75 60
75 60
74 65
74 65
74 65
74 65
74 65
74 65
74 65
72 72
71 73
71 73
70 75
70 75
70 75
69 78
69 78
69 78
68 81
68 81
66 83
66 83
65 85
65 85
65 85
65 85
64 89
64 89
64 89
63 92
63 92
63 92
61 95
61 95
61 95
60 98
60 98
60 98
59 101
59 101
59 101
57 104
57 104
56 106
56 106
56 106
56 106
55 110
54 111
54 111
53 113
52 114
48 115
47 116
47 116
47 116
46 119
46 119
46 119
45 122
45 122
45 122
44 125
43 126
43 126
42 128
42 128
42 128
41 131
41 131
41 131
40 134
39 135
39 135
39 135
39 135
39 135
39 135
38 141
37 142
37 142
37 142
37 142
37 142
36 147
35 148
35 148
35 148
34 151
34 151
34 151
34 151
33 155
33 155
33 155
33 155
33 155
32 160
32 160
32 160
32 160
30 164
30 164
29 166
28 167
28 167
28 167
27 170
27 170
27 170
25 173
25 173
25 173
24 176
24 176
24 176
24 176
23 180
23 180
22 182
22 182
22 182
22 182
22 182
22 182
20 188
19 189
19 189
18 191
17 192
17 192
16 194
15 195
14 196
13 197
13 197
11 199
11 199
11 199
10 202
9 203
8 204
7 205
7 205
7 205
7 205
6 209
6 209
5 211
4 212
4 212
4 212
3 215
3 215
3 215
3 215
2 219
2 219
2 219
2 219
请输入成绩（最多1000个），以-1结束
输入的数组为:
85 56 24 29 14 75 35 91 93 30 
9 81 39 71 47 8 44 100 88 43 
49 48 93 6 18 31 74 8 89 95 
11 24 1 7 15 61 34 12 34 40 
81 72 98 26 41 79 69 51 73 46 
31 44 58 90 77 0 6 85 77 59 
41 1 8 69 50 50 37 57 63 30 
34 24 80 86 81 83 14 76 79 55 
51 96 73 64 18 96 100 28 86 82 
51 4 73 94 10 18 15 15 55 61 
63 27 27 11 7 33 39 66 8 49 
7 92 0 6 46 70 38 14 32 77 
31 2 23 19 61 29 51 31 69 46 
55 37 56 27 31 7 15 13 47 65 
35 88 89 0 70 31 6 62 29 36 
15 58 61 62 58 24 26 83 77 44 
66 47 78 79 88 13 55 74 15 60 
13 89 100 94 72 18 62 13 3 14 
7 47 93 52 33 69 41 12 9 85 
94 19 43 1 12 25 76 82 64 22 
53 54 59 90 50 95 6 34 92 31 
55 17 9 97 53 77 19 9 10 55 
72 48 98 44 37 84 15 6 60 41 
39 20 68 1 67 23 74 65 14 76 
29 100 70 10 3 12 14 76 12 
分数与名次的对应关系为:
100 1
100 1
100 1
100 1
98 5
98 5
97 7
96 8
96 8
95 10
95 10
94 12
94 12
94 12
93 15
93 15
93 15
92 18
92 18
91 20
90 21
90 21
89 23
89 23
89 23
88 26
88 26
88 26
86 29
86 29
85 31
85 31
85 31
84 34
83 35
83 35
82 37
82 37
81 39
81 39
81 39
80 42
79 43
79 43
79 43
78 46
77 47
77 47
77 47
77 47
77 47
76 52
76 52
76 52
76 52
75 56
74 57
74 57
74 57
73 60
73 60
73 60
72 63
72 63
72 63
71 66
70 67
70 67
70 67
69 70
69 70
69 70
69 70
68 74
67 75
66 76
66 76
65 78
65 78
64 80
64 80
63 82
63 82
62 84
62 84
62 84
61 87
61 87
61 87
61 87
60 91
60 91
59 93
59 93
58 95
58 95
58 95
57 98
56 99
56 99
55 101
55 101
55 101
55 101
55 101
55 101
54 107
53 108
53 108
52 110
51 111
51 111
51 111
51 111
50 115
50 115
50 115
49 118
49 118
48 120
48 120
47 122
47 122
47 122
47 122
46 126
46 126
46 126
44 129
44 129
44 129
44 129
43 133
43 133
41 135
41 135
41 135
41 135
40 139
39 140
39 140
39 140
38 143
37 144
37 144
37 144
36 147
35 148
35 148
34 150
34 150
34 150
34 150
33 154
33 154
32 156
31 157
31 157
31 157
31 157
31 157
31 157
31 157
30 164
30 164
29 166
29 166
29 166
29 166
28 170
27 171
27 171
27 171
26 174
26 174
25 176
24 177
24 177
24 177
24 177
23 181
23 181
22 183
20 184
19 185
19 185
19 185
18 188
18 188
18 188
18 188
17 192
15 193
15 193
15 193
15 193
15 193
15 193
15 193
14 200
14 200
14 200
14 200
14 200
14 200
13 206
13 206
13 206
13 206
12 210
12 210
12 210
12 210
12 210
11 215
11 215
10 217
10 217
10 217
9 220
9 220
9 220
9 220
8 224
8 224
8 224
8 224
7 228
7 228
7 228
7 228
7 228
6 233
6 233
6 233
6 233
6 233
6 233
4 239
3 240
3 240
2 242
1 243
1 243
1 243
1 243
0 247
0 247
0 247
请输入成绩（最多1000个），以-1结束
输入的数组为:
68 36 78 31 53 87 66 49 51 68 
97 73 20 29 69 68 32 7 14 60 
6 8 87 26 38 33 66 69 82 58 
24 42 56 90 42 7 0 84 76 12 
34 46 76 13 50 67 65 30 41 91 
53 38 66 53 28 10 43 73 46 11 
89 73 45 11 8 52 23 89 51 53 
9 0 4 78 24 15 27 55 15 82 
5 38 16 27 76 11 47 86 80 76 
72 11 59 82 21 98 24 60 17 17 
61 50 51 0 80 19 85 100 10 62 
69 97 85 62 38 11 80 80 61 23 
47 35 74 84 42 37 27 34 56 0 
23 65 16 86 53 78 72 57 21 90 
74 59 24 70 6 77 26 46 20 10 
0 41 57 47 32 15 66 64 62 48 
21 16 31 27 76 65 80 48 61 40 
72 92 92 77 24 16 35 0 52 58 
73 91 21 95 69 10 61 18 52 7 
37 16 73 0 34 3 0 62 68 48 
31 17 95 55 98 23 50 60 16 98 
20 17 39 79 95 17 80 27 
分数与名次的对应关系为:
100 1
98 2
98 2
98 2
97 5
97 5
95 7
95 7
95 7
92 10
92 10
91 12
91 12
90 14
90 14
89 16
89 16
87 18
87 18
86 20
86 20
85 22
85 22
84 24
84 24
82 26
82 26
82 26
80 29
80 29
80 29
80 29
80 29
80 29
79 35
78 36
78 36
78 36
77 39
77 39
76 41
76 41
76 41
76 41
76 41
74 46
74 46
73 48
73 48
73 48
73 48
73 48
72 53
72 53
72 53
70 56
69 57
69 57
69 57
69 57
68 61
68 61
68 61
68 61
67 65
66 66
66 66
66 66
66 66
65 70
65 70
65 70
64 73
62 74
62 74
62 74
62 74
61 78
61 78
61 78
61 78
60 82
60 82
60 82
59 85
59 85
58 87
58 87
57 89
57 89
56 91
56 91
55 93
55 93
53 95
53 95
53 95
53 95
53 95
52 100
52 100
52 100
51 103
51 103
51 103
50 106
50 106
50 106
49 109
48 110
48 110
48 110
47 113
47 113
47 113
46 116
46 116
46 116
45 119
43 120
42 121
42 121
42 121
41 124
41 124
40 126
39 127
38 128
38 128
38 128
38 128
37 132
37 132
36 134
35 135
35 135
34 137
34 137
34 137
33 140
32 141
32 141
31 143
31 143
31 143
30 146
29 147
28 148
27 149
27 149
27 149
27 149
27 149
26 154
26 154
24 156
24 156
24 156
24 156
24 156
23 161
23 161
23 161
23 161
21 165
21 165
21 165
21 165
20 169
20 169
20 169
19 172
18 173
17 174
17 174
17 174
17 174
17 174
16 179
16 179
16 179
16 179
16 179
16 179
15 185
15 185
15 185
14 188
13 189
12 190
11 191
11 191
11 191
11 191
11 191
10 196
10 196
10 196
10 196
9 200
8 201
8 201
7 203
7 203
7 203
6 206
6 206
5 208
4 209
3 210
0 211
0 211
0 211
0 211
0 211
0 211
0 211
0 211
请输入成绩（最多1000个），以-1结束
输入的数组为:
51 59 42 33 35 3 90 6 49 65 
16 32 21 79 88 98 13 28 48 51 
41 43 36 40 77 98 27 57 47 41 
34 92 53 0 77 15 7 40 80 35 
45 90 22 91 45 37 50 5 47 33 
53 79 69 65 41 67 92 38 85 87 
45 24 50 1 54 7 32 1 73 35 
73 45 88 68 25 55 21 30 64 4 
14 21 48 79 42 34 87 94 43 85 
10 61 79 9 74 26 79 67 70 95 
49 76 14 95 76 36 56 37 68 67 
79 3 24 61 85 9 23 88 37 57 
69 1 60 82 37 58 7 46 96 69 
73 52 1 30 54 1 87 60 22 30 
14 74 3 42 64 19 68 42 26 27 
70 44 8 87 39 80 13 38 53 61 
89 76 94 16 89 61 44 78 4 82 
17 42 51 19 94 64 23 27 68 74 
85 2 69 45 99 52 12 51 38 14 
32 61 10 80 66 40 94 51 27 79 
79 83 87 5 46 62 7 49 7 24 
81 70 10 91 4 27 50 22 35 7 
64 71 97 13 29 62 61 1 56 11 
75 98 62 78 27 22 
分数与名次的对应关系为:
99 1
98 2
98 2
98 2
97 5
96 6
95 7
95 7
94 9
94 9
94 9
94 9
92 13
92 13
91 15
91 15
90 17
90 17
89 19
89 19
88 21
88 21
88 21
87 24
87 24
87 24
87 24
87 24
85 29
85 29
85 29
85 29
83 33
82 34
82 34
81 36
80 37
80 37
80 37
79 40
79 40
79 40
79 40
79 40
79 40
79 40
79 40
78 48
78 48
77 50
77 50
76 52
76 52
76 52
75 55
74 56
74 56
74 56
73 59
73 59
73 59
71 62
70 63
70 63
70 63
69 66
69 66
69 66
69 66
68 70
68 70
68 70
68 70
67 74
67 74
67 74
66 77
65 78
65 78
64 80
64 80
64 80
64 80
62 84
62 84
62 84
61 87
61 87
61 87
61 87
61 87
61 87
60 93
60 93
59 95
58 96
57 97
57 97
56 99
56 99
55 101
54 102
54 102
53 104
53 104
53 104
52 107
52 107
51 109
51 109
51 109
51 109
51 109
50 114
50 114
50 114
49 117
49 117
49 117
48 120
48 120
47 122
47 122
46 124
46 124
45 126
45 126
45 126
45 126
45 126
44 131
44 131
43 133
43 133
42 135
42 135
42 135
42 135
42 135
41 140
41 140
41 140
40 143
40 143
40 143
39 146
38 147
38 147
38 147
37 150
37 150
37 150
37 150
36 154
36 154
35 156
35 156
35 156
35 156
34 160
34 160
33 162
33 162
32 164
32 164
32 164
30 167
30 167
30 167
29 170
28 171
27 172
27 172
27 172
27 172
27 172
27 172
26 178
26 178
25 180
24 181
24 181
24 181
23 184
23 184
22 186
22 186
22 186
22 186
21 190
21 190
21 190
19 193
19 193
17 195
16 196
16 196
15 198
14 199
14 199
14 199
14 199
13 203
13 203
13 203
12 206
11 207
10 208
10 208
10 208
9 211
9 211
8 213
7 214
7 214
7 214
7 214
7 214
7 214
6 220
5 221
5 221
4 223
4 223
4 223
3 226
3 226
3 226
2 229
1 230
1 230
1 230
1 230
1 230
1 230
0 236
请输入成绩（最多1000个），以-1结束
输入的数组为:
29 
分数与名次的对应关系为:
29 1
请输入成绩（最多1000个），以-1结束
输入的数组为:
37 47 0 40 23 50 3 67 78 69 
28 32 86 60 3 4 62 69 87 62 
6 44 57 23 43 91 54 48 64 82 
39 55 90 16 71 36 83 87 31 77 
45 64 100 
分数与名次的对应关系为:
100 1
91 2
90 3
87 4
87 4
86 6
83 7
82 8
78 9
77 10
71 11
69 12
69 12
67 14
64 15
64 15
62 17
62 17
60 19
57 20
55 21
54 22
50 23
48 24
47 25
45 26
44 27
43 28
40 29
39 30
37 31
36 32
32 33
31 34
28 35
23 36
23 36
16 38
6 39
4 40
3 41
3 41
0 43
请输入成绩（最多1000个），以-1结束
输入的数组为:
91 50 87 27 24 25 95 34 60 57 
69 48 45 0 54 96 14 65 94 65 
85 30 84 50 35 67 61 72 54 56 
83 28 56 33 1 27 69 50 25 21 
4 57 9 48 40 0 27 28 96 22 
73 4 34 94 16 47 80 42 88 36 
63 25 37 57 24 74 84 70 54 80 
65 38 55 74 34 82 8 52 19 99 
88 28 35 92 12 33 46 92 75 75 
14 57 78 77 69 76 10 84 19 23 
98 82 85 81 35 85 80 20 81 49 
8 71 96 91 93 34 58 52 9 52 
70 14 9 68 95 31 42 46 10 12 
73 59 99 18 43 67 41 1 4 16 
34 24 59 91 81 42 22 66 83 49 
90 12 17 
分数与名次的对应关系为:
99 1
99 1
98 3
96 4
96 4
96 4
95 7
95 7
94 9
94 9
93 11
92 12
92 12
91 14
91 14
91 14
90 17
88 18
88 18
87 20
85 21
85 21
85 21
84 24
84 24
84 24
83 27
83 27
82 29
82 29
81 31
81 31
81 31
80 34
80 34
80 34
78 37
77 38
76 39
75 40
75 40
74 42
74 42
73 44
73 44
72 46
71 47
70 48
70 48
69 50
69 50
69 50
68 53
67 54
67 54
66 56
65 57
65 57
65 57
63 60
61 61
60 62
59 63
59 63
58 65
57 66
57 66
57 66
57 66
56 70
56 70
55 72
54 73
54 73
54 73
52 76
52 76
52 76
50 79
50 79
50 79
49 82
49 82
48 84
48 84
47 86
46 87
46 87
45 89
43 90
42 91
42 91
42 91
41 94
40 95
38 96
37 97
36 98
35 99
35 99
35 99
34 102
34 102
34 102
34 102
34 102
33 107
33 107
31 109
30 110
28 111
28 111
28 111
27 114
27 114
27 114
25 117
25 117
25 117
24 120
24 120
24 120
23 123
22 124
22 124
21 126
20 127
19 128
19 128
18 130
17 131
16 132
16 132
14 134
14 134
14 134
12 137
12 137
12 137
10 140
10 140
9 142
9 142
9 142
8 145
8 145
4 147
4 147
4 147
1 150
1 150
0 152
0 152
请输入成绩（最多1000个），以-1结束
输入的数组为:
35 18 2 66 37 98 20 43 47 38 
12 55 14 100 94 87 61 91 24 56 
7 86 100 19 23 1 90 96 96 34 
51 74 78 35 51 14 34 42 30 9 
10 95 76 56 19 46 39 
分数与名次的对应关系为:
100 1
100 1
98 3
96 4
96 4
95 6
94 7
91 8
90 9
87 10
86 11
78 12
76 13
74 14
66 15
61 16
56 17
56 17
55 19
51 20
51 20
47 22
46 23
43 24
42 25
39 26
38 27
37 28
35 29
35 29
34 31
34 31
30 33
24 34
23 35
20 36
19 37
19 37
18 39
14 40
14 40
12 42
10 43
9 44
7 45
2 46
1 47
请输入成绩（最多1000个），以-1结束
输入的数组为:
83 14 22 49 81 5 7 50 61 69 
2 21 83 51 60 89 17 74 20 39 
29 70 77 80 82 96 85 71 4 15 
80 14 82 46 81 6 31 71 88 43 
9 87 34 38 22 74 31 29 100 67 
88 14 21 100 44 0 60 24 70 4 
6 81 46 58 7 16 52 33 58 84 
48 98 21 89 46 45 29 55 48 38 
77 19 87 74 66 58 6 24 69 99 
65 34 34 0 91 72 90 36 39 34 
76 81 66 50 2 45 76 83 91 100 
66 52 57 71 29 63 21 26 32 84 
23 5 97 81 97 99 38 65 96 29 
34 97 56 14 31 28 23 39 50 78 
97 7 21 26 52 30 46 100 75 94 
45 2 63 69 83 3 62 81 25 68 
14 80 23 23 73 72 3 7 49 1 
33 99 37 3 64 80 100 88 32 58 
44 34 54 39 21 72 98 8 57 91 
13 5 30 5 93 60 3 52 80 87 
67 66 90 
分数与名次的对应关系为:
100 1
100 1
100 1
100 1
100 1
99 6
99 6
99 6
98 9
98 9
97 11
97 11
97 11
97 11
96 15
96 15
94 17
93 18
91 19
91 19
91 19
90 22
90 22
89 24
89 24
88 26
88 26
88 26
87 29
87 29
87 29
85 32
84 33
84 33
83 35
83 35
83 35
83 35
82 39
82 39
81 41
81 41
81 41
81 41
81 41
81 41
80 47
80 47
80 47
80 47
80 47
78 52
77 53
77 53
76 55
76 55
75 57
74 58
74 58
74 58
73 61
72 62
72 62
72 62
71 65
71 65
71 65
70 68
70 68
69 70
69 70
69 70
68 73
67 74
67 74
66 76
66 76
66 76
66 76
65 80
65 80
64 82
63 83
63 83
62 85
61 86
60 87
60 87
60 87
58 90
58 90
58 90
58 90
57 94
57 94
56 96
55 97
54 98
52 99
52 99
52 99
52 99
51 103
50 104
50 104
50 104
49 107
49 107
48 109
48 109
46 111
46 111
46 111
46 111
45 115
45 115
45 115
44 118
44 118
43 120
39 121
39 121
39 121
39 121
38 125
38 125
38 125
37 128
36 129
34 130
34 130
34 130
34 130
34 130
34 130
33 136
33 136
32 138
32 138
31 140
31 140
31 140
30 143
30 143
29 145
29 145
29 145
29 145
29 145
28 150
26 151
26 151
25 153
24 154
24 154
23 156
23 156
23 156
23 156
22 160
22 160
21 162
21 162
21 162
21 162
21 162
21 162
20 168
19 169
17 170
16 171
15 172
14 173
14 173
14 173
14 173
14 173
13 178
9 179
8 180
7 181
7 181
7 181
7 181
6 185
6 185
6 185
5 188
5 188
5 188
5 188
4 192
4 192
3 194
3 194
3 194
3 194
2 198
2 198
2 198
1 201
0 202
0 202
请输入成绩（最多1000个），以-1结束
输入的数组为:
31 24 68 11 71 1 56 82 76 88 
20 90 98 55 100 70 68 84 36 49 
49 40 80 94 51 95 15 58 14 69 
78 78 74 0 67 98 65 68 64 74 
63 89 47 10 41 93 47 34 81 40 
93 64 71 7 97 98 8 17 21 17 
40 37 15 26 58 31 86 21 14 96 
5 5 55 26 80 67 83 78 33 47 
55 34 10 80 76 35 74 87 40 7 
60 83 87 71 86 0 38 40 52 0 
3 97 23 7 74 87 58 74 18 47 
分数与名次的对应关系为:
100 1
98 2
98 2
98 2
97 5
97 5
96 7
95 8
94 9
93 10
93 10
90 12
89 13
88 14
87 15
87 15
87 15
86 18
86 18
84 20
83 21
83 21
82 23
81 24
80 25
80 25
80 25
78 28
78 28
78 28
76 31
76 31
74 33
74 33
74 33
74 33
74 33
71 38
71 38
71 38
70 41
69 42
68 43
68 43
68 43
67 46
67 46
65 48
64 49
64 49
63 51
60 52
58 53
58 53
58 53
56 56
55 57
55 57
55 57
52 60
51 61
49 62
49 62
47 64
47 64
47 64
47 64
41 68
40 69
40 69
40 69
40 69
40 69
38 74
37 75
36 76
35 77
34 78
34 78
33 80
31 81
31 81
26 83
26 83
24 85
23 86
21 87
21 87
20 89
18 90
17 91
17 91
15 93
15 93
14 95
14 95
11 97
10 98
10 98
8 100
7 101
7 101
7 101
5 104
5 104
3 106
1 107
0 108
0 108
0 108
请输入成绩（最多1000个），以-1结束
输入的数组为:
39 36 96 29 33 12 64 66 63 57 
20 93 66 31 0 45 37 24 89 62 
31 12 19 63 35 30 65 37 52 95 
41 46 84 45 49 14 7 33 71 98 
23 83 62 9 69 32 63 27 60 43 
95 49 3 98 82 48 91 51 51 82 
44 38 2 99 26 59 85 100 54 59 
49 15 42 1 37 53 88 29 10 28 
91 53 67 49 10 58 93 6 0 32 
48 41 27 0 67 11 82 56 20 33 
85 48 79 72 44 98 1 20 40 40 
83 21 81 12 99 80 70 96 7 70 
64 4 81 20 29 24 39 59 78 74 
99 89 77 50 47 22 88 71 22 51 
61 77 26 84 67 93 38 25 34 10 
54 3 80 80 71 6 68 34 59 79 
45 52 53 21 71 83 53 44 69 80 
49 9 40 76 30 40 99 14 25 42 
60 95 37 79 60 6 51 55 42 77 
70 83 39 59 77 30 85 45 77 87 
87 29 9 89 40 8 47 62 38 
分数与名次的对应关系为:
100 1
99 2
99 2
99 2
99 2
98 6
98 6
98 6
96 9
96 9
95 11
95 11
95 11
93 14
93 14
93 14
91 17
91 17
89 19
89 19
89 19
88 22
88 22
87 24
87 24
85 26
85 26
85 26
84 29
84 29
83 31
83 31
83 31
83 31
82 35
82 35
82 35
81 38
81 38
80 40
80 40
80 40
80 40
79 44
79 44
79 44
78 47
77 48
77 48
77 48
77 48
77 48
76 53
74 54
72 55
71 56
71 56
71 56
71 56
70 60
70 60
70 60
69 63
69 63
68 65
67 66
67 66
67 66
66 69
66 69
65 71
64 72
64 72
63 74
63 74
63 74
62 77
62 77
62 77
61 80
60 81
60 81
60 81
59 84
59 84
59 84
59 84
59 84
58 89
57 90
56 91
55 92
54 93
54 93
53 95
53 95
53 95
53 95
52 99
52 99
51 101
51 101
51 101
51 101
50 105
49 106
49 106
49 106
49 106
49 106
48 111
48 111
48 111
47 114
47 114
46 116
45 117
45 117
45 117
45 117
44 121
44 121
44 121
43 124
42 125
42 125
42 125
41 128
41 128
40 130
40 130
40 130
40 130
40 130
39 135
39 135
39 135
38 138
38 138
38 138
37 141
37 141
37 141
37 141
36 145
35 146
34 147
34 147
33 149
33 149
33 149
32 152
32 152
31 154
31 154
30 156
30 156
30 156
29 159
29 159
29 159
29 159
28 163
27 164
27 164
26 166
26 166
25 168
25 168
24 170
24 170
23 172
22 173
22 173
21 175
21 175
20 177
20 177
20 177
20 177
19 181
15 182
14 183
14 183
12 185
12 185
12 185
11 188
10 189
10 189
10 189
9 192
9 192
9 192
8 195
7 196
7 196
6 198
6 198
6 198
4 201
3 202
3 202
2 204
1 205
1 205
0 207
0 207
0 207
请输入成绩（最多1000个），以-1结束
输入的数组为:
72 98 27 64 21 44 45 59 80 94 
99 49 28 32 31 49 98 66 17 97 
24 80 96 94 46 91 91 84 29 58 
95 87 24 44 22 86 44 65 75 55 
50 2 5 15 84 95 48 97 11 78 
71 39 79 0 36 6 39 59 15 79 
33 37 71 23 86 43 9 91 4 40 
17 31 84 3 94 78 88 25 32 72 
55 87 85 38 42 71 89 48 48 80 
83 18 48 2 16 29 52 28 88 8 
90 63 84 81 10 87 74 29 96 71 
96 65 30 38 77 36 60 62 65 11 
0 78 42 8 38 46 93 29 47 14 
6 29 20 26 26 40 58 98 35 88 
6 27 63 21 65 60 69 92 82 95 
89 93 52 46 36 79 11 80 77 92 
16 73 50 11 61 17 85 78 76 67 
71 52 83 94 18 91 81 80 7 19 
16 64 97 16 93 36 99 53 67 77 
71 88 31 100 37 7 52 13 37 49 
25 34 99 56 29 3 14 79 99 50 
29 6 6 28 72 95 81 37 98 77 
20 75 80 73 31 62 80 35 21 51 
7 79 65 24 40 14 58 37 63 7 
90 7 78 61 11 50 93 42 46 95 
95 91 75 11 78 23 
分数与名次的对应关系为:
100 1
99 2
99 2
99 2
99 2
98 6
98 6
98 6
98 6
97 10
97 10
97 10
96 13
96 13
96 13
95 16
95 16
95 16
95 16
95 16
95 16
94 22
94 22
94 22
94 22
93 26
93 26
93 26
93 26
92 30
92 30
91 32
91 32
91 32
91 32
91 32
90 37
90 37
89 39
89 39
88 41
88 41
88 41
88 41
87 45
87 45
87 45
86 48
86 48
85 50
85 50
84 52
84 52
84 52
84 52
83 56
83 56
82 58
81 59
81 59
81 59
80 62
80 62
80 62
80 62
80 62
80 62
80 62
79 69
79 69
79 69
79 69
79 69
78 74
78 74
78 74
78 74
78 74
78 74
77 80
77 80
77 80
77 80
76 84
75 85
75 85
75 85
74 88
73 89
73 89
72 91
72 91
72 91
71 94
71 94
71 94
71 94
71 94
71 94
69 100
67 101
67 101
66 103
65 104
65 104
65 104
65 104
65 104
64 109
64 109
63 111
63 111
63 111
62 114
62 114
61 116
61 116
60 118
60 118
59 120
59 120
58 122
58 122
58 122
56 125
55 126
55 126
53 128
52 129
52 129
52 129
52 129
51 133
50 134
50 134
50 134
50 134
49 138
49 138
49 138
48 141
48 141
48 141
48 141
47 145
46 146
46 146
46 146
46 146
45 150
44 151
44 151
44 151
43 154
42 155
42 155
42 155
40 158
40 158
40 158
39 161
39 161
38 163
38 163
38 163
37 166
37 166
37 166
37 166
37 166
36 171
36 171
36 171
36 171
35 175
35 175
34 177
33 178
32 179
32 179
31 181
31 181
31 181
31 181
30 185
29 186
29 186
29 186
29 186
29 186
29 186
29 186
28 193
28 193
28 193
27 196
27 196
26 198
26 198
25 200
25 200
24 202
24 202
24 202
23 205
23 205
22 207
21 208
21 208
21 208
20 211
20 211
19 213
18 214
18 214
17 216
17 216
17 216
16 219
16 219
16 219
16 219
15 223
15 223
14 225
14 225
14 225
13 228
11 229
11 229
11 229
11 229
11 229
11 229
10 235
9 236
8 237
8 237
7 239
7 239
7 239
7 239
7 239
6 244
6 244
6 244
6 244
6 244
5 249
4 250
3 251
3 251
2 253
2 253
0 255
0 255
请输入成绩（最多1000个），以-1结束
输入的数组为:
97 83 6 87 48 92 98 62 17 52 
36 37 25 0 0 37 44 17 99 34 
9 81 1 9 36 89 100 52 4 52 
10 90 63 86 71 41 66 95 79 79 
75 71 52 69 42 10 85 5 34 6 
43 84 53 16 62 17 46 67 19 63 
78 93 84 78 92 6 100 8 29 98 
38 33 17 39 74 74 100 58 12 41 
8 95 72 71 70 20 69 72 46 54 
71 79 99 71 17 64 72 26 58 29 
40 78 65 37 44 65 6 16 69 65 
71 12 22 66 27 98 88 57 85 25 
3 68 73 1 73 74 36 82 27 47 
35 47 3 41 68 71 26 60 23 8 
99 11 15 59 16 98 100 35 34 47 
72 99 36 60 21 9 63 31 74 46 
54 8 1 83 75 52 21 39 47 87 
45 34 57 5 20 1 27 60 50 49 
31 53 96 38 5 32 50 23 68 1 
27 81 47 53 18 86 84 44 50 86 
59 15 18 55 87 99 47 39 90 58 
31 91 90 80 49 12 11 8 17 
分数与名次的对应关系为:
100 1
100 1
100 1
100 1
99 5
99 5
99 5
99 5
99 5
98 10
98 10
98 10
98 10
97 14
96 15
95 16
95 16
93 18
92 19
92 19
91 21
90 22
90 22
90 22
89 25
88 26
87 27
87 27
87 27
86 30
86 30
86 30
85 33
85 33
84 35
84 35
84 35
83 38
83 38
82 40
81 41
81 41
80 43
79 44
79 44
79 44
78 47
78 47
78 47
75 50
75 50
74 52
74 52
74 52
74 52
73 56
73 56
72 58
72 58
72 58
72 58
71 62
71 62
71 62
71 62
71 62
71 62
71 62
70 69
69 70
69 70
69 70
68 73
68 73
68 73
67 76
66 77
66 77
65 79
65 79
65 79
64 82
63 83
63 83
63 83
62 86
62 86
60 88
60 88
60 88
59 91
59 91
58 93
58 93
58 93
57 96
57 96
55 98
54 99
54 99
53 101
53 101
53 101
52 104
52 104
52 104
52 104
52 104
50 109
50 109
50 109
49 112
49 112
48 114
47 115
47 115
47 115
47 115
47 115
47 115
46 121
46 121
46 121
45 124
44 125
44 125
44 125
43 128
42 129
41 130
41 130
41 130
40 133
39 134
39 134
39 134
38 137
38 137
37 139
37 139
37 139
36 142
36 142
36 142
36 142
35 146
35 146
34 148
34 148
34 148
34 148
33 152
32 153
31 154
31 154
31 154
29 157
29 157
27 159
27 159
27 159
27 159
26 163
26 163
25 165
25 165
23 167
23 167
22 169
21 170
21 170
20 172
20 172
19 174
18 175
18 175
17 177
17 177
17 177
17 177
17 177
17 177
16 183
16 183
16 183
15 186
15 186
12 188
12 188
12 188
11 191
11 191
10 193
10 193
9 195
9 195
9 195
8 198
8 198
8 198
8 198
8 198
6 203
6 203
6 203
6 203
5 207
5 207
5 207
4 210
3 211
3 211
1 213
1 213
1 213
1 213
1 213
0 218
0 218
请输入成绩（最多1000个），以-1结束
输入的数组为:
36 11 49 51 97 4 29 52 36 95 
34 6 52 93 68 92 81 24 83 100 
23 75 74 88 84 4 2 17 66 16 
73 53 61 92 38 0 49 21 56 11 
59 79 70 7 76 17 12 25 79 32 
7 32 2 57 93 11 18 61 65 43 
52 65 3 16 83 38 65 85 76 9 
1 66 83 58 56 94 89 62 95 24 
68 15 70 11 10 60 36 68 36 52 
79 32 21 53 7 82 79 22 59 100 
64 12 5 8 86 66 48 4 34 53 
95 19 82 49 22 96 33 56 35 91 
96 52 72 69 51 74 90 74 29 14 
51 6 79 51 45 89 36 4 4 8 
68 36 27 44 48 67 74 65 51 98 
99 50 90 82 46 1 88 99 20 77 
5 10 72 5 45 9 19 49 52 92 
12 8 83 35 76 63 82 74 49 69 
57 61 73 16 59 97 32 77 47 2 
65 21 82 9 71 65 24 80 65 48 
98 1 90 63 62 8 
分数与名次的对应关系为:
100 1
100 1
99 3
99 3
98 5
98 5
97 7
97 7
96 9
96 9
95 11
95 11
95 11
94 14
93 15
93 15
92 17
92 17
92 17
91 20
90 21
90 21
90 21
89 24
89 24
88 26
88 26
86 28
85 29
84 30
83 31
83 31
83 31
83 31
82 35
82 35
82 35
82 35
82 35
81 40
80 41
79 42
79 42
79 42
79 42
79 42
77 47
77 47
76 49
76 49
76 49
75 52
74 53
74 53
74 53
74 53
74 53
73 58
73 58
72 60
72 60
71 62
70 63
70 63
69 65
69 65
68 67
68 67
68 67
68 67
67 71
66 72
66 72
66 72
65 75
65 75
65 75
65 75
65 75
65 75
65 75
64 82
63 83
63 83
62 85
62 85
61 87
61 87
61 87
60 90
59 91
59 91
59 91
58 94
57 95
57 95
56 97
56 97
56 97
53 100
53 100
53 100
52 103
52 103
52 103
52 103
52 103
52 103
51 109
51 109
51 109
51 109
51 109
50 114
49 115
49 115
49 115
49 115
49 115
48 120
48 120
48 120
47 123
46 124
45 125
45 125
44 127
43 128
38 129
38 129
36 131
36 131
36 131
36 131
36 131
36 131
35 137
35 137
34 139
34 139
33 141
32 142
32 142
32 142
32 142
29 146
29 146
27 148
25 149
24 150
24 150
24 150
23 153
22 154
22 154
21 156
21 156
21 156
20 159
19 160
19 160
18 162
17 163
17 163
16 165
16 165
16 165
15 168
14 169
12 170
12 170
12 170
11 173
11 173
11 173
11 173
10 177
10 177
9 179
9 179
9 179
8 182
8 182
8 182
8 182
7 186
7 186
7 186
6 189
6 189
5 191
5 191
5 191
4 194
4 194
4 194
4 194
4 194
3 199
2 200
2 200
2 200
1 203
1 203
1 203
0 206
