27327 1421 13084 16950 22664 27111 6966 28590 12041 6372
2306 32584 6535 8389 24969 21106 517 22676 8319 13222
4198 29368 28801 7581 9427 7622 6299 703 20828 10138
25357 10461 5858 22183 24911 27938 26932 28043 12626 1095
15992 3302 10249 2823 11725 26477 1320 31443 24878 31802
5164 22214 24217 19302 24219 9435 27761 14554 21389 1886
5410 4450 2155 2720 3587 26116 30455 31471 1408 12687
23692 22213 7288 31862 7847 12608 3812 29407 22695 6354
20410 8440 30417 22074 7185 18826 663 6067 18821 2768
1050 23659 21469 17801 7405 13366 28139 31308 16412 10116
6580 4380 11117 23441 3025 16188 1509 18139 24085 32580
18318 2521 21872 20341 20088 16362 16147 10826 17662 23692
10453 27983 15690 26830 30934 8758 9756 13576 10338 24104
31942 21193 9752 11097 24700 27409 9035 12511 27338 17600
20648 3268 29030 3919 19993 5210 5416 17854 20970 28366
16983 15821 19243 15872 1574 14191 853 18834 23934 124
816 24640 24830 166 16115 25455 29249 16814 19885 12552
20063 18392 12261 24454 10678 20124 27005 78 14570 15774
29405 23615 19242 27104 17741 24203 22965 30518 1697 8645
12445 28155 6172 21307 5323 22787 3215 24709 2884 32720
18881 9054 9643 4361 22803 32691 30726 20775 11108 10234
7109 8562 21555 31685 25600 29484 3 13463 9984 31500
10756 21750 16641 14574 21743 3521 13366 10184 19250 3524
2574 10720 10829 28554 22966 1340 15740 14706 6111 1114
27542 9221 5057 3874 15413 6791 17759 20505 14359 10700
20749 14807 10436 20814 25648 187 31601 27260 20294 23773
19237 6740 294 10308 22042 307 18312 11610 25190 7404
30919 14748 21978 4376 27366 18582 1323 18862 23506 23311
32335 11220 12006 20097 21034 18676 9140 18636 8554 18449
27139 3114 28848 31068 14100 18278 2032 18434 16426 13897
24858 32329 15944 9814 27130 4059 24381 13239 7517 24161
18398 21110 14197 11348 2963 30704 2430 12816 15637 30855
12450 2347 31861 28056 13338 25092 9825 14253 20119 14239
2211 28915 26336 30128 16362 25582 31676 17653 8909 23147
1810 29129 24077 22710 7247 8439 9754 6414 17928 18124
8665 23382 26337 5232 29349 23821 8621 20342 32148 3456
3286 18353 23035 21054 13567 24393 2356 28621 13033 22799
23454 27291 22675 24846 9958 29751 14758 866 12677 14529
4879 1358 30602 8352 21998 21640 11418 23154 22959 215
7989 16713 31094 29664 24890 29460 8385 23357 22958 11099
2889 30928 9145 13872 15401 19799 24305 3938 28737 20800
21724 499 4061 12222 6063 23500 25490 14364 32348 2480
4201 31058 8652 12143 8000 15318 16233 4188 4972 19892
9440 23552 21667 21729 2341 13072 28698 7116 30391 30877
29930 3127 11045 17291 28600 19525 4049 1092 18837 12756
12276 12973 3619 12 20450 6234 23801 9016 2448 2814
2633 24277 4691 11045 12992 8681 3562 31525 18094 30103
4799 25169 20583 14831 17258 28785 31209 9483 8567 30063
5567 14423 32105 16723 12069 8240 10238 8305 25964 12721
18613 26593 5792 31433 32142 9776 7529 6289 10257 19541
9775 18397 2961 25319 24449 25618 8370 8077 2488 18487
16937 28341 10711 17998 5827 17801 25526 10468 23721 20510
16224 29415 31202 20463 23993 20920 30233 16011 24676 30081
16801 2186 2275 17353 28086 29893 21248 6213 14854 3015
3692 2033 7024 4990 15271 23136 8203 29494 12319 11600
21610 5065 17820 30338 3614 4111 6363 22473 16253 18844
7033 31072 14498 13739 32020 24192 31157 30293 12204 26674
31341 5127 2895 31331 2770 27442 21749 30518 12616 8772
11433 1182 10697 15320 9961 20523 27250 6441 5456 17700
20801 205 17010 26839 24349 32160 9480 20781 9238 10750
20045 27009 16623 15157 6055 31154 8665 24889 21386 9079
22146 20122 1433 18931 11086 31924 26127 6026 26596 38
13406 5618 22253 389 7446 3213 31512 11857 14087 6390
5474 13863 23466 13786 24724 10297 24253 9225 9741 17660
26926 27084 4033 6176 31546 23674 23426 28357 22998 26694
21375 32236 27470 2651 12298 19755 18220 12587 18078 14758
32091 30467 10784 9530 22668 27363 8293 9723 8153 23438
4341 18913 7080 22749 20750 17086 25043 24408 28908 3699
11526 25095 28232 28516 17256 9862 28703 18729 12413 10072
28596 13703 22091 28797 29400 26014 6587 10823 15209 9059
11843 18025 4121 1873 17602 849 624 13916 8619 14776
22037 15399 24166 10359 27977 21878 23027 12956 24244 16102
7377 17341 6244 23516 13342 20108 13331 18875 18431 6572
24744 13146 28994 20163 1281 30901 4674 32721 32752 32482
14091 5824 10627 15431 16575 25404 31113 21771 24633 15044
30545 23498 9199 24321 22197 2701 7453 7767 26199 2041
24608 25275 13099 3270 25631 8900 1334 32115 1521 26884
6549 19512 12859 26008 15808 14141 31449 15870 12304 14089
7040 3879 27007 12605 12705 21965 13488 17282 11152 12551
13871 15040 13029 13083 18937 2705 5667 13459 23103 22773
30103 23955 4967 29255 14211 22889 6484 14703 1916 26726
8679 26714 25873 17388 6341 13479 1453 2249 12379 11427
3519 7107 1056 24696 25879 15476 12314 11169 10899 14937
420 12961 2812 37 9582 26869 32555 26971 30405 13127
13680 5659 21525 31204 10804 12604 7340 16240 13276 23708
15296 4057 1521 14260 25780 23433 28542 13424 25751 4832
22714 11837 11502 5601 17383 30563 31667 19499 21882 20629
17565 31019 10108 32454 16290 8337 27696 29503 16571 3840
9206 14831 15591 23306 27247 8706 8306 29275 7906 21685
23159 1844 27615 20072 16804 29212 29218 28148 13885 23506
6841 3648 9571 17285 21610 24079 20887 13639 16463 27164
1146 17600 4547 3433 3542 8223 9602 15316 13282 20310
5131 23275 30914 29575 17225 7425 22862 6841 15219 4738
26900 31696 17201 25987 28576 11964 1792 29597 27387 13552
20439 14844 7025 26134 3339 18355 31895 5377 13680 10834
20365 227 17345 2235 6785 26304 21057 24625 16756 18210
6563 6066 7233 13327 22311 23943 11739 15160 24071 793
24790 16499 22545 19206 27945 23659 31125 23924 19250 5014
11393 22182 22522 31080 30411 9165 3771 5063 8207 8736
31647 4798 23162 13358 19403 12405 29414 16755 7836 19809
19526 21546 31792 7352 10821 18787 5417 29992 3882 18261
12205 6600 12543 28149 26033 3919 18930 30152 6264 20868
18427 12533 15702 31989 8127 8862 26554 16620 18101 8304
13420 11679 6279 12921 31250 12967 11195 9530 25337 25011
22930 510 21522 18814 32048 24938 17723 31998 11774 19540
28352 6879 31053 7897 28706 26927 24380 8617 21527 22875
5851 19878 5585 2138 23952 28078 2947 3880 21946 4788
23074 14198 14485 3606 22121 26784 24414 26154 30495 24799
26551 31002 15516 3776 30540 16883 12682 7892 25271 29688
26857 4521 15265 24636 7509 28154 2602 22896 21900 25379
13707 2553 12843 28631 24570 28742 18616 24853 14799 30048
12261 15704 4068 20930 8467 28687 6465 13420 21270 18764
18425 24627 29240 9664 8527 13147 22912 21223 24861 19815
28980 896 27767 18224 22172 26688 22411 12597 12553 16583
715 19506 22550 30931 4943 12276 12078 9652 19060 21611
23118 30720 202 12545 12300 30087 18477 26154 3289 3977
31025 9532 27523 26919 12228 19074 26366 25112 31502 23947
2403 14749 17564 27592 3129 23991 12990 29015 28148 14999
2605 17433 187 7766 21233 13578 22126 1254 17538 23506
11752 24649 15662 16535 17793 12544 18618 22550 14039 711
31308 1522 16335 8575 7561 6475 7382 6764 762 30611
22637 23968 27572 27037 13284 5047 22584 16119 3429 31685
16024 15226 26421 25997 27611 799 29751 7156 5283 30741
19890 21429 22797 16144 13907 29269 16345 24035 3702 16730
27851 10321 23969 25016 5712 28448 5457 5004 32357 9584
28922 9740 29365 28747 5961 9150 6145 21629 24748 3817
1221 30374 26388 16970 28441 8589 17146 18951 29141 1719
6560 18665 11512 27961 24729 15813 17739 17098 31371 15675
1857 17180 4404 29603 12578 10605 20651 837 10344 8281
26600 4808 7786 25586 29319 8174 26679 18962 12233 27262
3525 9456 10972 2945 21579 13298 14428 3248 18411 5826
27929 5166 2196 30372 29211 30835 24103 23047 23011 20616
22488 22105 23284 21626 31448 5152 5010 8713 17457 22855
15050 14752 497 3509 25266 18314 18314 28197 12274 3426
377 24881 10883 32715 27686 8879 2999 27746 29195 14657
11642 15345 13593 27176 32471 9446 18263 8025 8638 25091
22221 29651 5636 16726 20640 23087 5547 8044 16254 4473
1636 8898 26940 23614 9298 19324 28606 11750 18961 11097
31000 16964 31223 23015 8946 21356 3225 30963 17713 25029
10385 23876 18388 16991 26495 12169 4123 26502 19534 6543
18671 6039 28345 21431 2686 1554 13 9896 9510 753
3376 13633 5012 13368 8674 8913 22573 3534 12611 27019
18860 31627 26517 30004 4877 29074 18756 22047 27307 22241
17187 8283 17573 32294 4089 19243 1157 8404 5948 9398
29220 4215 10524 11776 30152 4677 15300 29465 24464 6389
3548 13205 15890 20692 21074 28475 2114 12821 18778 11010
7830 3432 27315 569 26471 18127 1324 22533 2715 12973
30568 15632 4225 18720 26078 23936 26620 9105 4643 2854
6116 30858 14188 14328 8105 2503 4175 29890 19257 14479
27081 18456 32292 13381 26501 29071 14846 30522 23899 27949
25606 1477 25112 19229 3588 9110 32637 12199 18040 29511
9098 3936 13296 13364 14076 31646 32698 4749 32020 4911
21435 15785 8346 27467 28575 14493 4642 1222 6451 6414
7054 8586 27662 10307 19668 3653 19575 6782 9729 13407
387 20621 8830 2095 14974 22428 2450 10094 908 6989
10281 15340 28048 32267 22484 30337 27981 19355 30480 13895
13772 14835 14027 12294 4605 27728 24868 10736 416 11395
32115 8079 7526 20107 30089 25083 1620 29289 8249 2128
25705 6192 21783 17503 14464 14940 28031 28580 1400 25188
22233 25721 5265 27539 6684 30600 22809 26643 31889 9606
14153 23627 7642 18719 12906 17515 14130 27948 17979 6212
24566 3884 28567 16734 31589 26098 10323 14148 13220 155
23142 13859 9732 20931 3660 17299 9352 31481 22700 30133
12450 27759 19256 12414 4926 11510 27860 19794 13825 24106
31995 24789 8659 20714 1631 4862 18075 15884 1232 15725
28745 30542 8799 17406 3354 9359 20419 23454 10519 24895
15356 13149 17120 19988 28470 13253 23975 27390 3311 18538
29823 19806 348 26563 13015 1651 7689 19768 5697 19988
27073 6524 23929 17829 10157 19741 26786 26436 22975 20826
28370 30019 16978 820 11473 32219 10506 29896 28958 18206
26370 22747 10547 14126 32294 19639 21514 3245 16349 29750
32224 31604 18156 7196 10553 392 18583 22185 18724 2121
264 18031 12480 9709 16117 2914 7167 4909 21118 1582
13738 10558 25428 26061 16038 31747 29216 13144 14965 25729
2339 20509 17663 3987 24601 6643 30099 25823 30564 10698
29481 23048 28262 24710 7658 1574 6447 13838 29170 2419
6488 32415 1876 7494 32302 6759 21342 24646 12308 17231
3871 13015 11042 27928 26407 14297 19730 27561 22670 19858
14941 21415 24376 4840 7841 18759 22870 19668 19526 12640
17456 16403 32609 30917 13859 21279 18392 26065 14821 3165
24264 10307 28433 16536 27427 6988 5087 1454 31134 28135
23602 15753 11210 9577 14809 19793 25216 11865 31246 21728
26499 28545 23619 31351 23137 4933 1567 7855 25754 31540
30915 3250 30980 4573 27473 31402 8814 28388 11951 28282
9604 341 32392 23213 31219 13367 25492 1963 24269 16741
2842 7475 3630 9881 14259 24581 21536 28874 12112 30687
3260 20920 19070 20907 19858 13253 2281 29175 15947 16390
20255 19365 25741 2714 12695 28388 26399 22842 28914 9311
3150 14354 2944 18612 30607 20687 2054 31783 27237 14330
23999 31384 3205 9348 7584 12210 32569 17826 16608 23398
16386 10971 16568 23191 7809 29278 23400 26647 18839 12698
10874 27091 14284 19465 28234 7754 28397 11340 12998 15940
28409 4989 12659 26304 17471 29377 5297 24366 1216 796
63 4062 15578 3978 769 15545 3880 9547 22017 22575
2980 7806 3253 624 526 15089 6784 2271 21394 15160
20858 31171 1957 12796 15988 8256 10288 32662 1591 31879
10480 11228 10253 3145 24092 4667 18819 30577 17993 5127
28524 29970 11148 17678 18473 31902 24542 18035 27432 5978
6340 17338 12715 26126 11823 17951 3275 12033 16544 21036
31932 2084 2705 906 3410 29070 24849 6936 31684 29736
10158 13114 27057 6314 15255 3700 16736 19142 6658 13367
12108 31906 17868 20474 21728 7820 12383 1677 6271 16106
10713 13738 14023 26223 7275 20942 30999 1173 5886 22086
13646 71 27421 31629 31446 16605 25103 10197 4322 17230
19779 19940 10739 4001 30194 11809 28833 8869 12287 11759
20888 8162 5154 14649 9953 24527 9541 25166 10339 11846
25902 13296 17833 19764 7263 27047 19685 3989 22842 604
821 8352 27241 24866 4646 19262 22653 28759 28279 21953
8917 31468 7199 17875 17346 12289 29584 8364 16360 1205
19518 31625 17640 26684 12379 28761 6972 32306 32229 19129
28514 21294 6371 290 13884 16283 4844 20065 12471 27843
27624 32584 21163 12333 20507 18596 4354 12585 30559 14703
23325 3241 2480 7494 17267 27474 11502 25373 7035 15827
8159 23601 1741 4982 1652 26430 18820 16116 19277 23538
21990 15758 14974 19106 23879 5209 14740 25661 26666 6106
16595 7806 14762 20946 31170 26725 536 31067 9962 743
9446 12596 14554 20965 5571 90 13422 14683 4360 14552
20049 23258 13139 16607 24513 18232 13425 29209 6290 30854
18818 827 4726 10306 29271 12250 10619 21966 13855 4735
15829 4385 4931 25853 17118 23997 9870 6914 16219 16864
19857 2797 8961 22015 18502 6367 5432 26736 7667 6165
8478 2407 18769 22133 25295 4899 28654 1638 6628 617
10448 31461 17721 13106 5723 27094 11252 21921 22389 10391
30658 12087 5095 5851 17508 31818 10246 11190 18539 1459
13204 22772 31551 16072 4065 14511 23654 32650 28981 14625
16387 12063 14194 15030 17565 29314 12790 21605 22050 13177
23231 12865 25132 5063 19666 16971 8578 8355 31197 9099
6882 23146 25371 2911 17150 25745 22904 5394 24004 29149
2294 12208 1250 16598 21327 7705 30602 15481 15836 15701
6002 5421 30389 1319 14112 26104 13594 30437 7524 14835
30993 28294 25126 1531 28241 2557 2145 27306 30303 6854
31088 21125 7671 21950 17801 16503 429 13623 19847 25215
26068 16716 14828 15525 1439 12914 25382 50 23942 8784
3857 25376 29931 16081 10174 3024 27390 13175 20339 25851
19166 15602 30194 28139 27393 6897 21246 23275 23509 21560
27164 6652 10663 242 31639 4041 30149 3913 1734 8413
10975 13877 16785 23316 20659 2705 10546 21327 17130 27252
4153 2924 20284 12990 19923 29814 32475 29425 29259 24856
3855 4931 9425 31832 23837 8433 3707 6274 18798 13525
30345 27233 21997 10299 29677 1205 945 3057 22539 10210
13276 5533 14013 14822 4035 30547 12186 31373 15439 21863
23672 18408 23715 20096 2351 1787 10238 18926 6304 1206
5859 62 15094 25383 27512 29195 22828 26349 6445 16663
22992 14576 20381 8090 8966 28751 11449 18905 32207 30874
23075 15867 16011 10306 6616 9752 22205 6989 1554 10388
13327 9806 2157 4779 4246 30101 19528 4428 6230 11427
12398 27691 2057 6625 31734 30482 10524 21137 23143 11639
20219 19204 25376 11348 14734 16141 12279 32307 259 32439
18209 28040 28367 29491 23634 20804 26607 28692 11556 1959
19572 9407 31933 4950 28734 16924 29356 3757 4360 10386
24853 26966 28069 12851 13838 9243 25224 27955 7240 32504
12170 23199 3826 19829 19176 1355 25818 25907 25995 1293
5846 23236 1165 16936 17762 191 21496 3339 16778 23828
5841 24124 7435 2206 22613 21135 1461 11511 17026 14235
28691 5264 15833 15470 21838 257 15971 6784 2127 15261
25074 19174 26148 5194 17321 7112 26021 17040 10430 14869
19031 23791 27263 885 32400 23158 16787 13440 22748 21137
22147 18221 20640 28451 15225 5517 26109 17620 13127 5305
16631 1453 27050 15369 19415 16866 208 27782 19661 10990
6169 27810 17114 3301 12315 19495 2541 29190 4072 17518
2637 9360 3987 26833 30518 728 27632 15202 24775 22935
1948 31198 7452 14472 15677 14044 19639 30003 9995 4938
32292 20483 32656 11290 13532 28575 32683 4153 22379 9847
24027 21185 18638 13981 21178 3439 12575 2007 18120 26455
14708 1010 3434 29654 16132 3417 20787 32201 16779 17382
5473 4860 4336 3063 28843 25574 32293 3013 25914 19347
4944 4849 31221 5089 5928 8288 30977 18927 24481 31305
30600 14035 14283 3212 2746 20619 23799 326 19986 14134
22301 18338 7899 4741 12410 31986 12530 25452 20605 27646
24781 7709 32228 5787 26300 8246 19491 32128 20335 22329
30725 6742 23993 11070 30613 16398 14739 484 16703 21879
4196 28045 3635 7696 2688 23755 7178 1307 14830 24085
12716 7922 26222 19391 27505 21662 23226 29737 4742 28070
5901 4662 915 27685 3298 10751 26778 28447 18430 7625
18979 3861 10416 3893 15254 26839 4952 24759 9960 19098
14630 27465 31609 14154 24100 15457 17469 13346 16503 28704
26907 5241 1250 31692 8082 14303 19595 31872 20130 28264
22530 24098 27114 30536 23423 28310 2062 19872 26731 12593
14427 14232 4130 1649 23470 19374 9208 31723 1169 24654
13946 22660 8872 6562 16886 14564 32076 2475 6205 20520
16757 5777 32679 8407 9949 6967 8536 16920 28770 30227
11458 1314 19372 31293 21611 3827 21521 30405 2032 14917
15541 18506 3915 21950 26102 10440 27473 4711 25095 12722
8062 13919 11482 17473 18677 26577 6980 19467 9923 9251
17756 4055 30564 14192 28708 1200 20360 18489 14955 22328
19991 19287 4337 7999 20850 29748 11725 29076 4604 30011
9996 17435 17881 9357 20635 22560 12789 22774 30055 7915
19528 4895 11202 19605 21337 18181 18697 3354 32513 22953
14467 4014 11890 9994 14733 23637 14199 9296 18676 10158
15102 29258 14755 6415 8915 29722 16510 14039 11438 15919
30605 27904 9840 29044 7261 25076 16298 22215 3491 3490
5215 20141 19491 18128 21771 26948 720 15027 12259 14969
23093 701 24415 15994 6931 19638 502 25199 25676 18702
7976 1381 30719 21362 32194 1418 25589 2461 12126 11680
2364 17521 29993 5804 18193 10054 25065 20974 19716 14722
23870 28438 22614 15977 27687 12981 24742 16183 25289 4338
30668 31596 25452 16510 24838 13160 20167 31178 9042 311
2429 13943 6938 13230 15079 1294 20246 24503 26900 17649
3183 7145 5646 24209 3616 6748 16991 19426 13218 5307
30932 1292 2760 16026 18305 9572 12520 12810 18949 23706
20283 2667 10512 51 13958 8578 13090 20794 24058 8908
29333 18995 18777 26897 25821 2385 6747 23099 14095 10985
20816 13673 11168 10277 262 1856 3439 3581 31213 14465
21510 8291 12409 27361 23837 15806 25288 6165 24416 5786
16773 10028 31347 3486 8204 27681 2098 21438 28623 17841
4925 5298 2808 19818 5812 18342 4688 19973 27455 30771
25183 29685 1362 7054 25557 27712 26799 17919 15144 25998
29996 21653 7039 10111 28854 24345 16591 13378 29334 1600
21827 10340 5107 29220 17890 19685 2456 5365 19052 3985
2808 1516 9348 21901 10863 2177 23060 23601 715 5086
28398 7189 24075 28307 25007 25199 14695 12939 28649 5276
19088 19775 25985 20988 27192 20521 31573 26627 2005 9596
2338 19597 2722 32018 3750 4722 17383 1446 22529 3163
22139 17987 16737 4564 14215 11260 24030 6818 11404 8158
1443 9302 27304 14627 3919 5666 15125 24488 14491 5868
18674 29346 572 2465 31814 18316 779 9164 1602 5476
30307 21095 710 8214 2506 24816 21287 14393 11732 5824
5680 25337 28229 16025 24934 15956 5494 19582 8080 30090
7930 5575 14455 22990 15744 20340 26091 29506 30715 18114
23046 7714 8705 2044 6837 2111 13169 26516 13939 8880
17241 8562 13912 23492 10775 652 29011 13627 3774 20663
9396 2741 25531 25788 30189 7274 5816 10927 16793 12828
30656 31868 23485 27210 7076 2755 9550 2471 15774 18406
6900 24266 25653 2400 16654 3623 19808 21336 4342 23102
26094 629 19334 15378 20517 18421 21723 24541 15786 11257
32088 23042 8353 2595 23534 10307 30740 15459 7579 21300
15257 26638 28209 17391 10799 8497 24153 8714 106 22564
27351 19910 22992 17762 2320 19081 16770 18327 23753 11663
13855 26619 31537 25820 9445 30943 24354 27253 8217 645
29348 14287 21673 29237 20915 3464 785 16269 10818 25429
32635 31769 23935 5180 32042 292 18009 6915 10520 12237
18751 29416 22494 30557 4395 28818 19157 5591 7648 10056
20603 18129 1904 11873 17432 21635 6912 23291 12449 16158
13519 16880 6876 28255 31605 5638 14021 8547 24681 13926
3121 4285 2502 336 20145 30406 2383 16140 27833 29236
1200 14628 6657 30446 13063 20944 22828 16671 21410 12210
18600 32393 522 20931 14037 8733 2881 8078 16745 5576
10313 18844 1043 16015 16869 3631 6750 1758 8612 13875
30937 25373 13338 24177 24949 1157 16497 24838 30510 11826
14625 29459 13549 24697 2555 19127 19373 20091 1900 24890
11229 20986 25344 9611 15878 20844 18725 13037 3758 19534
3122 24557 29052 443 167 14743 24477 25917 28342 16105
5477 21987 15619 28808 13114 19348 14505 2226 26030 28322
7805 28532 22763 19874 18838 16157 31572 9596 11021 27890
21353 28606 28417 27171 27883 11062 29406 20734 8513 4799
28895 29283 16155 13915 1234 22392 21845 10882 28188 2973
9502 16826 13052 17059 32601 1128 2324 12088 4419 23270
10021 7590 25687 7637 25626 9918 5487 181 18248 3854
1835 2739 28148 9819 5014 4545 27157 15179 263 27628
32348 30561 15942 19178 23410 14126 10736 30195 17025 12998
26909 21971 12533 2674 4415 1852 31108 2980 10574 26464
28267 16944 17954 20159 251 10680 17952 28222 31317 4968
28696 634 12658 5092 31086 20827 25190 3455 14200 9708
2789 10926 40 15978 28678 23740 32235 24731 12615 12991
31440 2144 3281 7370 26349 25742 14590 28516 7679 5626
30489 15161 12368 25811 17253 19728 13022 24629 18016 27133
23225 7162 27464 7128 26541 212 16351 8685 8737 25241
364 23029 28735 20701 31490 13638 18005 21958 6404 3654
30331 5916 21993 29221 9079 3488 25661 13004 23261 18079
14824 21776 6779 25542 24755 12076 17651 19768 12296 19310
18858 18910 21497 25392 993 29182 17797 1546 5410 12304
6166 16710 16094 17357 16461 23444 32596 31624 14338 30975
30132 6081 9095 15136 20869 3320 23597 12690 20804 6079
1034 11942 5198 22291 1785 21591 17408 24812 11489 28032
22556 1299 8507 26444 31342 12852 5070 32494 19888 12596
22205 30611 7084 10948 7620 27797 11936 11063 17087 5106
23014 6288 13164 1276 30164 20192 27761 22354 21218 22223
9633 11790 26634 27256 4987 832 16501 15482 25075 18332
27731 13643 19574 10863 30987 6864 30504 7640 13460 22059
28016 27444 16418 19413 27062 27610 13830 31212 19051 14857
26319 20686 22602 28190 29110 31206 16862 15370 15417 198
28741 1284 3333 4726 6451 12667 19993 18188 12858 26447
14889 10621 10568 28736 31040 29107 1649 25767 28842 9440
23278 28260 18961 4113 8550 14359 30182 20742 29549 23699
11523 24897 14411 27279 13710 22365 12542 20639 28448 21153
1410 17763 27174 17621 14159 32766 3720 3668 7460 21706
5513 8291 19459 2635 23279 6593 4476 31329 18787 4480
25391 21441 26138 1042 26509 4005 16309 5799 31710 28611
17510 9399 23432 6268 17237 19418 19598 6999 7490 27104
30039 1453 26731 16670 16305 18342 2992 14086 27925 1892
5365 24827 16429 13437 20168 21347 24467 28591 22851 26365
21980 6863 18996 26740 21205 9475 6268 26165 4620 26417
22197 4222 2706 9399 280 24504 19456 1117 25245 29959
11448 5511 21859 26911 11629 13744 25171 32089 13798 27155
1025 25350 3838 427 4306 3331 15856 4958 4196 16270
9425 11382 42 21079 3166 17232 19287 22746 31480 16984
31230 9453 31981 16181 23415 22421 16889 12864 12292 29726
13325 16955 5556 10603 27470 30784 15496 17802 9057 28663
9685 1931 5606 22540 29417 17299 24130 22240 1777 3372
19106 10111 27 23519 15933 723 19447 24069 2265 10519
23331 28122 22416 8077 14375 23763 8916 30324 1438 2354
15793 11061 10135 29143 27218 31453 7226 15449 6087 14543
18351 24917 11525 32187 14139 29446 1326 17098 8108 12822
275 15643 6904 25780 20984 3443 26913 9191 24983 6192
14427 4898 31591 6527 14449 13848 6941 18895 32101 22737
1139 9862 30039 15870 2089 13042 30119 1930 6730 17794
9054 3441 7601 13622 15050 5845 2251 31572 31337 10575
18335 7517 13577 25219 32523 29503 20268 4087 5456 7628
11185 31013 9169 16747 19377 4046 13847 22797 9640 31378
31257 13667 30677 11710 17850 31823 6627 1637 5524 15512
4552 7090 26868 27105 28654 14972 7973 21724 13968 16155
14834 29627 20584 16762 10598 3815 23175 18286 1238 9717
17796 28998 21794 8406 4568 21668 21559 8525 11145 31115
17880 2214 10502 11704 19871 1446 29010 8758 26174 16062
3429 1837 24075 27779 10448 6651 31932 30819 1439 22917
13934 29584 26499 21711 4077 31297 14897 18379 6191 22298
30469 31343 6945 31464 3563 5642 29095 7314 21887 25816
4829 5453 18035 12244 19108 19726 1585 11981 14682 19269
1218 16060 232 16328 12783 21077 17154 6157 3494 20700
21674 29853 6047 22330 19190 4805 25150 3920 17684 32399
19644 4491 6027 8433 10370 1209 15555 32323 19925 28699
11976 14582 25528 29627 3659 11396 24334 23295 15082 13475
32000 15743 16561 29886 15518 8724 16096 13221 7113 22577
11246 8068 6992 31607 6863 3602 20057 21891 25971 3338
30979 4619 24719 22239 585 31017 31903 32684 15658 9206
30764 28265 19718 24411 1866 30309 10572 12580 5222 9456
1106 13142 32318 5976 6532 14787 30513 27928 9921 30171
27065 10827 5378 3269 1590 7783 5181 21423 24045 8999
11913 9826 12112 18377 5762 3097 18304 15482 13551 7827
7440 4623 14754 26471 2060 8693 13216 10136 15161 12907
29826 15721 25247 10990 17179 7282 2885 27893 8539 3060
14396 9439 10611 8042 18654 10026 17978 7520 5208 11749
19152 18568 24166 2664 11649 16139 2398 8002 27116 25629
10608 13939 20068 2004 23852 2012 14486 16698 3908 1011
1388 11937 1428 14011 14386 4150 24927 22260 7416 28889
29916 21902 27191 20780 4593 356 9655 2282 13886 4903
20655 21115 14429 13720 7983 13509 23144 24059 16059 16196
26044 2248 28728 19549 13309 11939 30989 15855 18779 1422
12162 26668 25619 25182 9835 7847 9528 20075 15371 6061
14003 9612 4147 6617 4745 20547 9642 10211 20316 28212
13009 7865 5685 1244 25991 31185 9600 1663 7755 12733
1368 17762 26272 26880 20741 10043 9910 23328 14787 11494
24134 16892 9925 8793 25790 9568 5754 2778 29854 18647
9487 7536 1570 11200 23605 26007 15649 20388 12324 23607
28213 14535 19936 3287 32540 23805 7867 6926 9822 29887
9499 15419 20016 25214 5757 31094 7833 9271 22202 19911
29395 840 14473 29845 15860 30338 10054 31841 8910 27263
7666 29108 17171 25654 3962 13909 2493 12748 9276 22720
29868 7598 28871 32724 8593 22492 2530 16076 8716 2440
6609 25968 23313 18143 23251 8332 29584 21287 6895 32418
5717 27402 11504 11484 2861 2353 27311 68 27466 22805
11408 7991 29928 19474 23119 24343 16945 1214 30973 10817
26462 3192 23109 575 15392 1860 20724 29246 21566 22998
3769 1474 27519 30188 3880 6040 18634 16609 13317 3341
23692 18559 30400 20829 7770 14870 21308 9582 28120 20426
20436 6078 31449 10289 18080 14490 30919 15390 21492 24210
8518 26295 3626 3881 18964 13262 27298 24529 4659 26734
29702 25366 27211 31155 13779 30233 31818 26079 277 576
13901 9131 28274 1836 31939 7131 16745 235 18383 24853
4316 32367 12271 6643 22732 31807 11740 20823 22885 22381
4529 8447 26426 27848 30030 27225 4305 14418 11775 4504
15714 2293 345 28423 10460 7281 8549 27293 24873 14233
13313 30162 10419 3775 27010 22450 25127 4717 26270 32560
27001 29782 1418 20412 32296 30859 12895 7192 8899 26354
26306 17255 5548 12533 2244 9351 18204 8055 12551 23456
28775 7436 7203 32253 12417 28777 19271 18459 20929 31513
6180 29184 7398 20594 16390 7630 23896 14536 10820 5272
31408 29920 28123 17780 19321 21927 23126 15058 1336 31780
2033 31244 28075 21932 13053 318 12623 10325 26246 22359
804 17325 14900 25200 27060 10667 10095 30813 23890 17381
14790 23938 7072 30980 7826 9704 21588 13941 22486 11409
4923 16994 5738 5384 2942 27105 32601 2875 10276 24427
24711 13709 1496 23951 6295 3368 14828 25063 13835 4240
2719 5196 4525 1150 31899 11846 26670 14059 22978 30406
14094 30827 5418 9752 24763 16316 12390 17939 23549 11167
1544 25235 29329 22246 7523 7721 21269 13007 27542 32528
31268 23440 9670 2147 14017 6963 2218 29582 19961 3748
14669 7683 452 8457 8975 32558 32557 20817 30445 15018
30642 30224 12291 8885 27118 29578 16719 16097 23925 6157
20664 11021 5632 4741 9039 25236 458 14154 7892 19396
26425 1852 1148 6034 5569 11538 18673 18827 7686 25839
11675 31758 21824 566 32542 13497 10212 1952 7460 23841
32641 1420 12124 13254 16359 12950 11203 18758 8079 29290
4642 24016 24375 16091 215 13020 9421 10031 1753 9497
32142 22973 22263 8871 19311 27579 16480 20871 8636 21329
4200 31312 21759 18417 16777 2851 16931 31979 7080 18144
4313 27196 10650 29850 30011 6055 10215 9033 13487 7688
20686 21951 29199 21220 10633 10974 1287 21060 13522 22023
24766 23236 11941 31701 19896 12263 13640 18188 31483 30381
905 18892 10864 16488 8263 32523 31885 14283 10035 66
7985 9284 3800 17253 25551 14220 4057 29977 207 22908
4474 17186 561 26146 16226 11034 11636 4628 11424 8553
23734 26884 10219 9329 5404 6805 9518 4105 23668 2413
24644 17709 4633 20619 7423 31219 20247 13019 10352 17857
4496 10504 32610 15806 14175 402 15912 13702 3066 18208
15769 30754 28061 24855 344 3383 19877 8811 23385 24189
4154 15030 26784 20851 3888 15751 19276 10578 17455 13308
17877 17727 24082 27795 7058 3780 17806 32061 23166 11393
21780 11188 29243 19743 18424 12303 15447 7814 9426 1428
22991 17744 10021 15821 2513 26749 27710 2526 24006 9576
26463 28181 28304 32761 24861 21443 30480 8989 1543 27978
30700 1395 18568 8312 18575 17993 6671 27411 14705 22214
16236 30133 11160 17256 17534 18650 16735 12722 21259 22584
3190 26142 28911 22607 23850 26201 27001 4672 5862 2991
26130 10722 11770 6596 31263 2579 12956 11654 9769 27468
3372 6239 5691 10361 20413 31663 8076 22023 16592 14457
16734 20286 866 1885 11558 11729 42 19654 6637 24499
29724 32100 26358 20269 18481 9949 20897 20782 5738 28863
17039 19938 19 10682 30215 22405 14661 13580 921 9082
28078 27708 2305 6551 25236 18699 31822 28100 31256 27560
26947 30660 31672 20771 7677 15698 17944 20004 2774 25200
19970 8669 22922 29692 3755 13629 32664 16516 20280 23142
20459 13147 24960 8290 20410 26092 15892 3857 21165 23375
8573 24422 8769 6682 3780 979 13421 6266 23352 5378
13702 11906 10091 30406 26976 706 27006 18769 10166 9500
27806 31399 30667 19411 27087 3155 3922 26341 7656 24920
14475 32155 223 10346 25520 2654 583 13918 26511 18636
28439 25824 13688 10763 25773 18788 1113 25437 29971 22623
14120 19189 24704 18614 641 30474 2082 19318 5521 21289
32282 27591 18994 8143 22217 11035 8279 4151 8010 11691
2219 31345 7487 2852 17013 19892 15313 6045 20671 17141
18930 14541 19127 31672 28133 7035 2901 807 29185 23861
1086 25953 20146 32325 14313 20756 5568 12257 7936 30542
8916 21154 32009 7568 13624 14648 26693 5669 22238 859
2264 4785 13476 9476 21291 1293 19414 28126 16783 594
4340 9463 20771 23604 29622 3260 17911 25746 25678 25380
31345 3914 15853 12843 15856 26194 14984 1154 1712 1029
21468 21125 31470 1978 13744 15213 5452 14491 9562 24263
26742 19125 644 27173 17926 31307 17712 12051 19621 29040
7418 21836 8563 11221 5533 32046 22698 19679 25785 26220
20862 7164 17620 28419 2375 6968 414 32367 10721 27659
6521 12574 22355 30325 6200 22565 176 1613 3879 8498
14395 21207 20044 31425 22222 9364 17133 2195 28285 3422
8019 15452 20598 26292 12237 26301 10795 2642 247 21617
32180 30980 15163 19403 31086 25533 22425 32352 29417 19171
4516 17153 2305 10222 15053 11244 12618 21809 21220 19778
13490 10231 2524 18364 24417 28882 3791 27546 26596 22064
20545 2013 20875 15663 4521 14774 19983 13491 31278 20542
25208 5813 174 6247 21310 21470 22788 9523 7087 7508
18059 26660 29840 24788 30686 11763 11783 19201 20450 21381
24761 17403 16391 18202 14895 6708 6090 10696 26750 20351
28031 9512 26919 15466 1101 18767 16188 32206 21370 1791
21700 24740 4840 6687 2913 16410 28896 30825 16432 2535
21775 6243 18161 23771 21710 9360 8296 30138 15527 28391
28674 24138 21268 14468 29884 4779 14473 8606 2369 4327
2229 21945 28498 1738 8454 18460 27243 4596 12395 5254
28068 17964 29789 22557 24789 28151 18208 5799 16637 14697
25414 32764 8165 20284 118 10683 18176 29727 11627 4413
406 15440 2879 31175 21025 31597 19946 31492 5880 26248
9734 21426 25130 7289 30677 21659 2221 2168 900 30663
11448 21227 25265 30704 18285 21628 32556 31798 30139 16239
26362 11284 3203 29490 8608 16275 14329 11830 27294 24509
10830 4606 30009 27477 7564 11638 7549 29637 11457 389
10883 1624 18527 13285 1520 5545 18915 25651 3262 5980
27317 22338 23871 10763 8783 27829 18014 22403 12194 4813
15401 18225 20917 11391 30092 29911 29584 7626 5983 16259
20312 29255 4260 25794 19643 20994 3081 15377 7823 14472
6837 18068 25525 8769 31808 26379 20292 9216 10243 22017
7139 8409 31635 9798 20087 4659 12936 28064 3071 5661
2947 26046 1723 14310 15983 6509 18068 9959 10246 29199
20664 20388 20119 14664 29317 2836 9223 25338 13224 22588
10519 13172 13190 21507 21988 5606 30171 25409 27572 14104
25248 17177 5103 14428 32051 29577 28780 3778 5810 12351
238 25226 32679 27566 495 735 31979 98 10396 16834
964 3216 24608 19524 337 11250 27685 21240 12584 977
5272 5800 18237 21860 16045 11591 28934 2648 5924 4903
29148 28592 12746 23660 24229 4815 16962 6849 15536 29907
20997 19273 2016 2085 6056 24792 25613 11342 21342 15972
32167 7181 21693 13750 23964 422 3525 24165 13436 9596
22302 22789 24796 27362 18849 21148 13560 3887 20762 23637
16284 24336 23628 27513 7236 22051 20022 5530 3714 23745
5269 23826 27808 6171 1962 8620 7558 136 30525 2464
11743 12829 2274 30405 16504 11135 19323 23554 24040 28405
9214 1797 26486 14785 30585 12856 12599 17841 13907 29425
1911 18673 11476 22506 9050 10275 15591 19440 21187 3761
25887 4319 22389 24930 14585 26317 16761 16172 11873 13190
18623 1098 25719 15929 27144 910 18322 21360 19202 27127
13957 25925 10677 134 3362 31699 23327 16462 14333 2540
7451 27851 13683 31242 16264 10356 10218 1927 26790 14227
23897 14352 30915 25941 28684 2391 20760 16157 25761 9992
494 6686 26967 15615 9221 5929 6792 14776 24885 6339
28787 5382 28758 24443 14911 28424 2142 16507 19005 7001
3785 10844 14190 27784 1342 27711 22597 21448 31343 29465
23213 10472 577 29006 7502 11909 31021 9346 11788 9854
5861 11691 4561 2728 5179 12139 14733 15811 26687 9886
18555 18605 24744 12591 4005 30678 6518 14127 25258 27892
6101 10792 10687 30968 3139 20142 21748 21056 32757 17464
5305 31502 29047 16174 31648 27705 9364 10563 28004 22562
10613 7173 32555 6634 24333 27058 11528 9442 29876 10318
2244 2115 12049 29426 17886 23328 29758 21863 18128 9368
25383 5620 3988 5200 31283 20851 16743 7969 4391 7594
973 21517 10823 9689 32469 32120 24254 30096 19102 25236
27199 26051 30746 15646 6637 24608 5906 14152 8824 27808
23914 1526 8585 15709 21415 29484 20065 11427 10926 27847
7613 24905 7886 27500 23804 3394 3073 17855 2179 31343
5999 17365 24929 22967 4660 1771 1583 2138 31075 6488
4922 16258 14155 15040 3557 25116 2553 15499 8008 23781
13054 661 25117 19656 21618 31783 18397 24423 7992 10535
22822 8696 13956 32651 21856 12882 27803 17683 30112 1607
15578 12600 22220 15669 9978 27488 20225 12248 20370 14675
12849 12898 2525 29170 18961 15566 11966 2087 1330 28017
25857 16920 8557 6610 16100 28832 21893 25019 20694 15103
15880 30864 9598 21200 4470 6368 13055 9276 24485 22074
13691 22126 24676 16706 4822 12358 5471 4611 11196 13650
17219 19591 15845 3834 1570 5029 15255 5626 1304 7707
15469 4118 2351 477 27480 30216 31616 18860 5603 21950
3739 2281 16571 9410 5929 25004 25966 5882 22480 12561
15731 19857 17495 21970 15979 29237 11 17691 11174 4739
7009 24985 24809 20415 21724 18645 14958 14025 24881 2752
15917 21580 32426 32654 27226 22841 22472 12232 19759 25460
31020 669 18923 16077 24247 9850 12059 12849 23537 26586
536 11553 25511 27230 9169 26980 29401 30752 13002 21753
8915 23365 20069 22608 9881 30161 8033 19642 14216 3007
18848 14109 13627 29522 11053 6892 31916 8102 3197 31062
15003 14730 9717 20670 15668 14994 7853 12396 2284 15975
26740 13442 13484 32354 7444 32305 20785 11097 16599 31788
24499 6585 3657 5981 7108 29653 12096 6104 7292 26238
1818 22029 4307 31700 29254 3137 6990 6235 7942 23615
4318 20050 25458 23882 7941 31552 13505 18007 7482 25551
9156 2169 3471 16861 691 28061 4241 30929 6188 3959
20591 25643 889 15036 10079 29792 13842 4754 1342 3556
9826 2117 22646 24200 8142 31547 32293 7430 21492 5418
32124 26330 4400 13960 4709 12372 16997 1859 19304 31468
7162 32691 16079 17877 6690 32205 6920 27861 13409 15001
5708 26963 27212 13286 382 10674 3472 24124 598 29405
27957 13074 14526 35 17956 28481 21372 21830 7399 5561
22546 30414 25777 2674 8674 31907 6046 22950 23702 13019
9275 32574 32191 15569 21577 17034 444 28279 4286 31284
28638 20461 9997 19575 27082 32594 29607 16268 18974 25818
5570 11877 5719 27936 4185 30110 18418 15806 31860 27825
12497 6172 12457 32617 32481 24197 483 31641 8954 28544
354 26381 7942 19293 23555 29121 32614 14350 16066 22609
913 22328 25725 19121 14846 25226 12539 11038 4933 590
32044 14676 12417 29245 30898 32258 28920 26776 17569 2683
766 29556 11139 24750 31766 16470 6816 5976 15451 511
16508 3704 8478 26761 29856 18436 19153 24499 19613 14554
31267 1914 591 9721 18541 6889 3935 25073 16205 14641
8715 32408 5008 17660 20266 18175 1878 19967 9578 5540
14192 14542 1501 23273 22541 6389 26036 26565 9366 28996
23882 20666 1750 20074 10340 32007 14686 28614 31671 13854
26920 29305 21418 19288 6778 12992 8286 7656 21773 22401
29419 10510 23407 15395 4077 23181 29094 11427 2880 20318
30486 10212 20743 18598 22437 7239 16371 27878 6172 21116
14530 10609 464 31384 18181 18468 12675 3943 18215 3409
3461 1027 11691 29180 26398 28581 21429 20042 19249 11196
27852 2102 17945 6204 2526 6790 7895 31289 19844 2045
19823 10420 13704 3795 12431 31669 7589 12386 18034 12698
24461 24866 27908 16046 13361 29911 27975 15101 14908 6921
22005 25191 17888 32693 26983 23284 24022 25666 8885 13671
2464 17590 5663 23574 21778 23850 12459 25592 11536 9084
6928 29696 31129 2371 17363 13993 6405 6664 21680 2515
8330 18867 5947 24781 1541 1859 3271 3251 5879 26562
15751 24314 24782 32120 755 23113 28263 12128 20845 25994
32464 9432 17701 13634 6482 6556 30266 24349 8879 11765
22562 19406 22440 1838 10315 31509 20674 21576 12290 20001
29514 2799 23957 19481 29591 28844 30900 5366 19599 17499
30237 30355 20589 7136 11897 22535 14017 18966 31872 28466
19383 24840 1636 29846 9373 9316 13933 18792 32160 44
9952 17383 9430 22447 1318 5613 5762 16568 12330 452
11923 32517 5635 20794 4973 21498 5331 17144 15852 30359
25327 25103 17062 18344 16960 31700 16497 5691 745 10222
6182 2135 6441 5805 20900 31723 19075 6558 21015 29701
13853 6748 18298 26180 15463 29608 27994 31888 2556 24764
3805 7944 18893 30429 27140 23100 17020 23856 22573 30109
25350 14030 24540 20018 677 29466 5050 18828 22517 30803
25310 29947 27477 23653 15948 9474 2192 8197 14267 10505
29629 8188 32156 26450 25955 12483 22615 29998 4577 6225
3288 32625 16397 23089 18506 5923 13084 2519 31010 13944
27586 5940 14688 4610 1177 18824 11793 2598 11719 23672
25 20685 3036 29536 21039 5979 32249 22250 22569 22757
3895 12512 29562 5279 5958 14910 30969 3219 20053 3980
996 23705 22578 8042 31268 32131 2739 26477 9682 2200
29524 29481 2043 20292 24609 20879 18592 6925 28631 29818
26625 10697 27974 11908 5404 14862 31225 17182 19824 15339
19481 15584 10758 31189 911 32285 32178 19940 23145 16315
10391 14144 13439 29249 17641 25558 21078 13618 4343 591
11076 22682 14952 28738 13013 7398 28356 6312 3438 9464
21815 5777 30768 20091 21906 28694 26655 25716 20627 32143
9348 24602 11622 20742 24720 11240 24683 12779 6209 7408
20282 264 13450 5746 13797 6328 15022 2989 29053 32084
2797 21493 21463 29167 29282 1286 25743 17731 5164 18328
13134 27370 28108 23092 8009 13522 31438 13893 14346 16619
15276 2930 7027 28450 9199 1323 29952 29587 13207 3714
588 22778 16317 2109 16599 1899 11895 9513 10502 9028
10748 24753 6763 22623 3848 17326 23879 25996 6786 27521
23885 31806 6749 1888 425 18564 9660 16365 17985 13627
8281 15629 31291 16515 3367 15863 18367 29807 29750 30603
26878 22529 24535 11494 11891 27733 13570 13875 14952 2588
27380 27075 5565 13132 26140 7009 485 11542 31288 9695
11313 30233 22460 13045 9809 27861 26739 13644 18456 14946
24424 18645 24191 21857 7 27999 19437 12596 24704 20329
32181 28010 11116 4916 23264 6525 9395 22045 4142 24768
30125 23082 23895 12947 1159 4067 18326 15065 23273 29283
21864 16044 24533 27054 14226 12623 26835 10053 865 5475
26187 12536 25141 32350 12082 3580 23105 17978 12264 19005
5260 19306 97 17397 17467 19218 9604 30590 4883 11127
464 15717 14138 19125 14661 11967 5693 9648 3202 9152
6487 27468 28459 137 5873 20449 23949 17474 30053 13545
13701 3689 27399 30972 5789 3689 32614 1023 3449 4463
12751 25496 3698 8825 26899 3044 896 28848 4234 4205
29021 28663 1624 26966 30695 26564 16111 6361 12743 25646
16854 17652 14160 15688 25512 6494 18601 10414 24927 1472
25391 2397 16594 11298 17941 29128 6781 5027 10829 3112
12417 29550 12716 23827 30443 10729 20809 5200 28985 13360
15142 24554 2331 14785 2834 30083 17014 121 15053 17899
28846 23743 8558 3825 20773 29183 514 16249 12031 22362
28022 25039 29737 29851 31671 59 19353 11117 8215 14294
14551 8396 7411 28059 18620 15034 23186 22977 16249 9779
9553 23881 26588 31074 5885 21971 26575 17941 12161 25525
15906 12399 24769 22094 19850 24028 4549 12952 6377 20554
23834 2045 5327 407 3701 1900 12865 21317 9114 4267
1722 9845 21628 10735 13680 12307 26278 5546 32216 23886
20441 31396 4972 23627 27639 21069 8876 7450 18975 4434
10083 24297 21786 15982 30763 7543 23286 27523 11059 29388
14320 17641 14400 16680 10392 11013 31730 14649 1839 2590
73 4240 30804 25709 11879 31830 19168 17011 19864 17467
3854 32144 29583 432 10463 6352 18931 24406 25020 7176
19738 27830 15709 9506 26644 23090 5611 9141 4587 12603
17249 29401 20521 23749 21048 17721 17051 5624 3395 5993
7253 2345 24280 7290 11766 18184 19760 22732 25901 22043
5648 24356 25980 30827 11689 25598 7740 31101 9406 6949
482 6275 14852 4992 17024 25300 6862 1327 14223 4762
5865 17879 20715 17866 19397 22329 15135 8538 2774 17418
6371 13486 32570 16126 30179 12627 22172 14375 22210 19183
29016 23677 2655 21368 24032 13246 8279 26533 9054 20600
10443 16290 8091 18019 8547 30728 31775 23285 13202 26380
32410 9265 10268 20983 14466 2496 13270 5846 23038 23618
429 7794 11267 30438 7658 10882 30140 7992 9909 21536
20784 5947 26071 20090 13087 5560 14276 16842 10796 6357
25560 21128 6466 18153 18913 10461 28976 20879 2270 3164
11670 3834 774 26605 6405 15752 25356 18953 7266 9625
1698 13613 7563 3489 29244 21640 12605 13436 12822 26871
9270 17922 19576 564 8086 32220 10553 22603 27787 27798
4738 22861 6957 4852 13012 16199 4263 18314 13388 17013
16536 6791 25894 15284 5561 11218 1409 19254 19903 10072
8801 22393 19587 23460 8698 30842 10848 7856 25900 8998
476 29946 8778 10513 16523 11995 23839 24682 32561 28692
8243 2095 9511 21930 23370 15517 23296 11765 2862 4075
4203 30451 3758 6967 6491 5858 19687 7105 9830 781
4290 28759 7275 18662 15806 2832 3960 11605 16880 11069
25835 22096 26952 29597 24791 12972 30229 12496 8873 5170
8907 25614 21771 12278 28932 26137 5384 30948 27078 13936
21617 2204 13060 19142 15232 2688 7783 29362 19900 23818
5454 9128 22044 23908 1555 16680 24175 4402 13968 13621
13819 8882 8161 27913 19301 25352 14188 3591 24017 18131
18719 30449 18761 4356 18169 24923 29283 8176 12748 14176
5406 4260 32577 29075 31502 11384 8476 4408 23737 21735
4545 2741 29248 24989 2551 13379 30530 9426 17389 3305
9725 2519 28539 28587 28086 494 15273 1791 26715 13151
6517 5248 21352 7880 7121 24806 4103 11957 6380 26678
28283 25968 28850 5686 18622 7451 7318 10020 12393 3579
27791 167 13269 3863 5472 5894 32384 17666 29725 12952
22706 13045 10987 10620 19040 25120 31495 24969 25936 4930
10 11912 31358 11896 12395 24737 16063 25938 18245 5908
8868 15148 31578 11050 24993 26556 10073 18282 3182 18407
18268 32527 4782 20697 28597 31162 4047 14676 8426 1893
24369 19784 7422 12440 15242 8101 8690 5855 28041 3693
11660 14715 19897 19725 11863 29272 7593 26861 17899 16191
31818 31814 110 11085 31128 820 9563 27812 3452 1804
1410 2656 30193 5103 27217 7885 16487 11423 2641 2519
612 12434 9971 10177 1393 26693 14221 24602 27188 11219
17824 8429 1754 22470 24156 6713 1208 1069 15718 19872
305 12783 5336 18019 13786 25182 5770 3470 27612 19727
8848 11888 16026 10218 16131 24398 29076 13693 15621 8793
23947 3477 12031 29404 14567 21520 5165 21178 16213 20973
23901 19480 31924 9381 12019 15191 16178 30654 1073 30021
29874 31901 6069 7572 30578 5276 13635 16779 3562 24924
22725 2811 8695 12125 16016 8053 29496 28363 18665 32698
18616 11931 24264 31603 26062 19927 10204 3362 17986 22326
18894 12889 26033 15088 2762 5162 5683 23248 32060 5086
10810 7307 6359 4073 30142 30288 25820 29982 27287 10656
6041 28704 21546 8288 20272 21273 30279 8237 18329 942
4946 18415 12778 1330 7585 2993 4310 29465 6182 8880
15988 32688 27214 7089 32578 19212 11048 2968 18026 9792
10186 2615 3908 5844 10481 29028 28699 11890 15335 4686
18996 2785 682 21777 15116 4664 20298 30343 13026 16203
3731 22625 21621 4714 17900 6007 527 31307 10367 23645
15298 18756 1946 6711 13042 2749 8789 12238 14100 19686
6262 7907 24500 12965 1169 19907 6077 25043 372 1819
28149 8615 7874 11278 20167 15730 2269 19589 2885 32653
26633 6598 20845 22672 15055 26441 31147 1733 12192 11718
19872 20957 16827 17555 11298 12001 7505 17709 11908 24683
3814 19733 13079 26389 506 4573 28912 22066 21225 31618
30956 24764 30736 14588 18418 12942 17969 788 20088 27091
21528 374 4425 17599 16767 1543 18309 22397 25904 4728
6633 24168 9833 23580 26448 125 1412 16886 12922 5648
6103 26903 7437 18367 31450 29479 5081 6565 647 833
4192 14032 9991 1284 5014 4340 30090 27110 15845 10336
2167 20684 10356 4146 19141 19416 25513 711 2728 14466
16109 6774 8049 24043 15791 638 9903 17773 23979 13372
7323 375 4716 5282 21427 22168 6671 1508 4004 31449
3915 16756 18285 24400 23726 3633 21186 14322 29993 9948
1710 13737 30159 25803 1405 9895 5338 737 17881 28921
495 3261 5427 7007 7075 20018 6501 22619 7741 22263
5525 18312 12221 26272 30300 24877 27934 21709 26919 16402
23769 18850 734 15762 27306 23159 14788 5106 20630 24272
13983 31473 4397 4495 16664 29344 26381 21096 19300 12404
19879 7062 24868 25242 1862 32716 32138 15754 17485 17519
3262 2015 20415 27650 7296 6246 25861 17634 14 31349
4844 20531 27464 11390 20462 5402 18706 11491 9138 13356
20730 18700 2518 20263 8219 25272 29163 6368 22848 8080
193 8573 4173 14082 30437 13028 1243 21068 24681 20852
28707 13015 29155 13554 27165 4807 14008 19910 10729 29648
29851 10855 9581 20555 26704 20756 21568 25225 16310 25029
6598 30311 29956 5217 6813 31010 28499 26417 312 15213
3165 4501 30154 6593 30596 3829 19814 32501 29206 22011
13412 29966 28879 4095 22534 14424 12959 25795 21340 182
13486 11873 25444 30006 10142 10625 9846 32232 18960 30159
27359 26609 19561 31405 20685 4059 8662 1060 17259 1583
25229 11297 3404 25158 9046 25566 3085 14172 26186 12702
18230 24550 2267 30365 28258 4901 21269 20807 672 30972
3108 28584 12056 12287 14357 26148 5362 31180 25313 24168
3699 414 7335 12960 11625 28959 2873 18666 30922 18302
13530 17163 11672 9922 26694 22114 1799 2910 26099 24602
20962 8709 11927 2467 20267 12223 6890 4450 10754 16445
8365 2983 1223 3689 26859 12256 24963 23362 7039 1549
27012 9959 982 2164 22600 32753 29430 3478 3485 23814
703 3681 2821 13484 7793 7335 24671 18266 29807 7631
19396 20437 13635 7627 4272 3514 17377 20042 19042 24150
15152 1582 15749 22462 27846 21824 27919 6684 15603 34
30314 19272 2 30854 30930 28824 15547 9630 3070 6904
30765 4307 2562 6461 28330 19130 12404 9398 24082 7236
23757 15364 17749 22581 26643 8236 15667 24791 26037 10219
20038 13807 18871 23882 26691 7920 14862 6513 24189 17775
3918 4800 3498 21463 18562 4380 3818 27742 30299 15495
7173 3127 24974 14836 2292 12041 28791 2649 30372 18081
4098 24581 8950 23268 9163 24116 31242 26119 16772 30433
19645 16642 15256 23259 20592 13377 16141 12315 19468 157
2223 597 5698 29836 30059 8653 18712 24980 29177 25708
20129 1542 3518 32019 11019 16104 13552 23855 10208 5683
22011 21646 17541 319 30243 25457 4103 25467 31083 29410
20502 10593 8630 26439 6482 4009 2349 16696 15558 27325
7136 16526 11954 622 21680 15804 19086 21989 16748 11619
6219 23516 4666 544 30428 4878 14393 24745 20469 30443
22372 23064 14611 11409 4026 8326 9660 31736 24988 27100
3848 26988 12662 29926 13408 833 11937 25769 22918 14274
8584 26103 9685 18282 25866 21312 2251 10071 3872 19115
18372 26619 3264 27237 6408 29717 13569 10041 28680 15327
6015 29026 24293 8329 2561 7069 12594 13287 14681 14466
9211 8295 16780 25107 24326 19781 4403 8086 4952 4866
7201 23968 25339 5138 8518 11379 30207 3541 2003 14473
24767 13768 6047 12657 16230 30461 4298 4826 10929 9160
26272 1006 27126 28604 8640 16609 1637 17877 11645 17097
9102 20215 5252 6576 16675 15511 28863 11495 18943 11192
4730 21918 5224 13338 8901 1970 14225 30638 17689 31942
23139 17996 31806 5525 24445 10664 22123 25990 4730 28035
9392 7298 14962 30750 16785 17154 13763 1780 10996 31852
785 9128 29501 17311 23435 25917 19895 21964 17008 20869
14902 16265 11730 29404 5114 16416 11419 30230 2007 30509
11725 25781 13715 4200 19726 20319 144 25023 18531 31888
21418 12200 828 28557 23651 2997 15025 23449 318 360
20235 22378 5992 1354 18054 25822 7069 23095 27989 8427
29258 24828 14055 12244 29423 1572 17513 14755 17096 16910
13452 2771 17068 24387 8328 11597 5173 31495 27233 3478
31265 29742 16488 70 6136 15409 31238 15292 21743 16001
12725 6672 26125 21019 16463 14153 17292 26973 32139 16336
3458 29720 27076 805 9153 10214 9469 7889 29947 8894
22307 21916 18730 7109 28049 26367 2862 5735 20954 31452
21944 19367 32194 30061 18280 15795 4237 18299 25138 10684
18813 3792 31238 19460 2966 6894 30384 10809 20132 10753
27901 22529 8575 29203 21279 27094 8590 19071 21586 2580
2954 2472 1984 25680 18820 27370 3746 23276 8746 4305
23977 15080 27974 30601 13724 25083 29063 27542 3906 2787
20356 22725 32386 13305 7678 1379 20681 21512 7013 3500
27308 20831 6302 13190 10447 28453 260 22128 18437 9453
9133 10165 6328 5258 8686 28389 396 4645 10017 29317
5439 29325 19877 22790 16340 5069 21799 5620 20208 21508
3616 14192 22916 27249 7839 10208 19116 22222 1097 14309
5079 23263 30622 1166 18985 12874 5246 3531 13085 31913
27627 4388 1135 3550 25360 31914 23353 6310 898 3630
11868 26482 8391 29362 16417 6002 30485 31261 21280 2546
10075 13107 9825 32745 13446 963 31938 5071 26109 4386
13208 1456 13165 3289 11417 3455 7628 14747 3834 10156
6552 15482 9172 4088 28256 3674 20940 24201 12166 8613
31731 31545 12867 4160 18411 23348 9451 26046 3916 15554
11123 22996 69 21857 9520 3853 12679 9751 32737 10687
11614 27142 15344 21310 14369 21313 1525 32079 21965 2526
2428 31200 21229 8525 24840 15094 21693 30696 18264 20198
13454 13514 28136 27848 10860 22501 7355 9513 2815 4175
32600 2816 7343 19677 17171 26851 18443 15091 27277 22139
10092 10138 31358 16950 14805 30419 25522 17211 15646 9516
20050 18339 29522 1936 10853 29414 22357 15715 10646 16531
1226 2255 1592 16197 22323 344 15239 30674 1114 21687
4913 21701 13809 2533 11285 7695 26229 31350 24138 23801
1368 30248 8291 15453 9822 17596 20977 14614 16456 31236
3914 14005 16048 20542 29321 19573 27444 31904 26070 24178
29142 12852 27368 22293 1187 18150 31687 5331 25235 11996
26839 24599 17841 16901 22546 32124 31867 32757 18837 12352
12940 17904 17758 16630 11384 11076 5716 23674 31480 30684
13959 24362 26951 26899 20666 24659 10955 14534 31519 4586
3064 6829 3937 18557 10866 9195 17383 16232 30833 20707
27224 27980 3946 7502 30554 31933 5612 25226 14240 15675
15560 28725 22051 8292 6004 4859 6063 5991 21425 32172
28578 25788 5228 18578 20977 13843 29666 31489 26219 6794
28936 21295 322 10530 19498 16454 1223 27508 5842 17080
4213 24736 31467 9939 8497 11399 32038 19861 1744 18234
16029 30657 21210 16561 439 18226 9357 27841 30283 27248
30245 2888 4360 9857 20315 16555 29204 13058 300 29314
7923 7286 20187 23697 5035 8413 10297 29179 28453 14985
22820 24242 16087 19757 21070 15666 11680 10551 28480 21615
6643 22879 23966 29195 22328 28288 2476 13517 7791 15783
13329 23375 29207 17514 5339 27382 31054 10108 12228 17191
5689 32638 15795 28856 15270 26647 20358 21925 17904 1350
3599 30981 23331 29431 15196 4924 5729 21205 22844 10865
645 27744 6398 21315 10245 4927 30844 27063 12829 18391
12377 22133 28458 17948 22406 13365 12372 30375 24587 26996
19567 30218 20740 2667 18979 9824 25065 5953 30027 32552
23315 27264 25500 3923 24444 27590 11399 26011 967 23229
22624 21271 22144 17996 19135 15372 15780 1039 11303 27399
19812 15365 5861 6696 31782 23689 2875 9921 22477 2692
28350 8992 8250 25056 6909 15016 27410 6720 16227 7207
13506 25582 6751 24163 705 4372 19905 4854 31509 24368
21096 31580 5401 29890 20250 5195 18301 26439 22195 27458
22414 23915 20866 29285 11704 8571 5616 18056 21321 14361
29794 7050 32119 20275 14945 17124 18853 6454 28921 129
3810 26750 23134 8657 26803 7954 29398 2841 24338 18062
30930 12045 20406 25696 16478 9376 31893 24119 21948 20251
25512 697 13132 19564 17390 2677 3760 7617 29619 9496
300 15958 27666 26339 3923 7307 11705 10844 21472 10554
25324 14916 20962 28999 25293 22474 12828 30073 31194 28926
28587 13448 7095 7048 14313 7031 25134 10138 402 20515
32116 24355 7973 2589 31149 17734 20621 28085 32179 27146
6145 7511 26387 9811 22057 29979 26457 21521 29058 9367
1678 22199 3331 6904 12030 2031 4609 31057 9791 23691
4432 32562 5998 21951 16299 9597 4796 4750 4437 23413
9769 5507 14593 6680 29584 4769 3568 16815 26596 22940
7513 30115 30649 12362 27405 27282 1286 12628 9563 23202
21033 817 20529 5141 9771 31573 11141 22046 1606 421
22771 28659 10404 18479 1192 22052 1130 11032 5502 8747
8949 19669 10344 12356 5731 17054 23313 20351 14678 25888
10688 14355 7156 6515 25727 15349 16947 9803 32636 26025
5971 26994 17071 31065 15020 374 7357 3108 2473 16287
7453 9656 2837 30243 22905 8227 8085 30365 16983 14822
7030 21692 11000 3659 11689 16696 2176 26617 14348 4363
11352 8646 31980 17629 32209 2508 17863 9408 30474 31423
26454 17437 26899 8062 18122 494 19282 5351 17495 22830
6694 24048 12015 5518 2251 24051 9552 16490 2686 19786
2112 23035 30433 23580 25111 13006 19872 30582 26495 31093
23893 25758 30072 20604 20905 9892 12447 159 27836 25145
10671 6969 28616 13252 11080 8448 30465 11187 5359 240
19647 25871 26455 901 30686 27220 26078 30253 2405 23679
29019 11005 28007 4200 23 8355 17191 5714 22297 26268
127 24513 26791 4519 25731 30604 31753 21625 32097 50
656 4274 17804 27761 15831 29712 7193 9749 6985 30178
7273 5903 26851 18624 6408 18630 18235 5242 15829 3506
31938 3150 7523 26918 3654 13662 11680 10605 16571 29025
30644 26649 26682 8600 32556 25752 10314 30211 9304 27912
2399 15574 1521 18764 1952 17959 9727 23648 32493 12265
22010 28649 6177 11805 11824 24081 7060 9031 5222 3473
19685 7455 5570 29711 13302 2442 6121 4779 30519 14280
9572 8405 11048 31215 22856 22881 15129 31384 11798 7645
20276 6872 13280 25634 21438 27762 29101 8745 1434 7242
30239 11296 10255 24861 23379 14525 18379 17008 16905 32723
12071 19398 2053 10019 28588 22 15797 29044 9430 8572
7955 25574 21529 8495 5069 21891 3618 19379 31395 7447
13663 1360 17425 20801 3521 10946 8239 20171 31169 27186
17365 31031 2209 10341 2306 27034 14836 17972 28287 32686
6752 23100 15039 2338 7587 13014 17930 29492 22996 13386
12251 14978 2027 26431 902 3357 28036 19318 4125 21216
5088 17080 30613 4096 28717 10253 14629 21987 24839 26415
15087 13878 9534 10302 5858 27706 12250 25525 11999 12382
32092 29341 19482 27155 20039 28417 19908 13276 27359 30881
10983 26020 21553 12778 19345 6485 1619 2342 32052 23974
12269 8689 1613 2869 760 29420 7492 28629 710 27573
18067 17449 29507 14102 24107 8050 19834 28028 20499 23973
23899 19371 17491 11201 27835 16817 16912 11871 8092 28184
3576 30346 26031 22880 18401 14546 9495 1453 2988 31388
624 9916 6512 10684 27152 5659 18645 21062 16012 22426
19389 26272 20606 16893 1066 19932 902 8179 29020 11333
17551 23884 30777 6712 13652 5222 2802 15670 12578 4072
29668 30518 3807 5299 18364 8256 17483 2070 17119 32311
20102 17985 5641 28407 979 15613 26163 30880 12955 7834
955 13360 12725 16680 7359 18008 17892 32234 28361 23176
161 9479 15282 21581 31771 22915 1472 10972 6269 26990
22290 8943 7791 30299 6206 23247 27359 532 14904 23730
2049 13196 14198 11080 22420 26645 12369 31889 12904 25811
9903 5873 8477 15473 7391 1158 4653 15634 7108 4281
12589 31371 25654 17427 17231 18639 20389 21075 11564 15018
9215 11965 1472 30899 24276 15028 23222 1148 15289 17035
2534 15371 31210 15513 21533 12686 9523 32395 3356 11082
26128 23806 3299 24533 7443 26958 17967 17029 19846 16808
9793 29736 6994 10087 8673 11253 24607 20381 5027 11459
7101 8687 20329 6777 17346 22951 3881 17350 13941 15620
7408 13330 21739 24276 24103 8628 2160 7749 9238 3173
14121 22777 26022 8180 27639 856 18027 12092 13725 6954
3809 23380 294 10341 31222 15109 29569 16451 31689 5761
1647 16024 26034 2897 27807 10595 2946 11408 278 29347
19980 29527 17877 3180 12004 4984 13750 825 20838 2159
28056 4740 3322 28309 28859 26516 29847 31895 3181 1687
30598 12583 7911 1520 32617 2289 17778 5074 12155 20689
13774 31246 10521 26691 18131 5161 31106 2075 27737 27570
5339 24950 10838 28370 630 10480 17222 29989 7763 25111
9680 1736 5095 32544 23974 6580 30237 10457 2989 14666
6299 17119 10590 19502 3654 17 7020 27737 28936 6980
22438 1386 22225 2105 8736 11581 6107 12492 9613 27327
18995 4717 27376 24321 5749 20436 29812 1163 18902 2801
32663 30962 18792 6946 12942 1197 19098 29609 14565 21796
29950 20061 4967 7434 20816 28319 7997 3821 10675 4240
6234 26123 16189 22658 6934 29032 30902 22188 26904 21789
28317 29473 30074 30195 30828 22019 31784 17200 7966 8179
10377 21169 6381 1741 3938 825 12896 10898 32759 6409
18565 13990 28787 2225 14459 9020 2441 25637 26676 11022
5468 7699 19577 18769 21916 6004 4143 21480 1266 11106
16600 1496 1951 11561 9309 3580 3936 3232 7178 30202
13972 5306 14554 30069 22176 30808 25845 1412 7571 8545
18039 18531 9990 30229 16243 6505 7239 2206 12088 22842
8118 25832 22738 19006 1902 28851 4820 4434 11048 4583
9301 11965 18781 3879 29497 869 18347 24232 26546 13891
21114 22340 10501 3604 8159 30666 6034 4945 22977 14489
10255 3682 29498 7021 1044 13839 27967 28024 5084 8759
